1.000000000000000036e-10 2.092692243972997801e+01
9.549485639791966340e-11 2.099072273497901620e+01
9.119267598459297677e-11 2.105471753936745571e+01
8.708431497690723795e-11 2.111890744589887703e+01
8.316104153230962029e-11 2.118329304938482593e+01
7.941451719029339454e-11 2.124787494645019592e+01
7.583677914997190516e-11 2.131265373553886278e+01
7.242022334607314915e-11 2.137763001691918774e+01
6.915758828738525392e-11 2.144280439268954908e+01
6.604193962330305492e-11 2.150817746678398379e+01
6.306665540567405506e-11 2.157374984497775827e+01
6.022541201461927621e-11 2.163952213489293896e+01
5.751217071841613559e-11 2.170549494600410156e+01
5.492116483887789244e-11 2.177166888964393365e+01
5.244688749495118707e-11 2.183804457900885510e+01
5.008407989848212633e-11 2.190462262916483738e+01
4.782772017727485432e-11 2.197140365705292453e+01
4.567301270168746766e-11 2.203838828149509510e+01
4.361537789208005370e-11 2.210557712319993939e+01
4.165044248545185093e-11 2.217297080476837579e+01
3.977403024058036491e-11 2.224056995069949494e+01
3.798215306190736328e-11 2.230837518739631165e+01
3.627100252330648086e-11 2.237638714317152022e+01
3.463694177371734564e-11 2.244460644825341689e+01
3.307649780744242651e-11 2.251303373479167291e+01
3.158635408267818825e-11 2.258166963686316464e+01
3.016334347259197483e-11 2.265051479047797400e+01
2.880444153396297780e-11 2.271956983358510485e+01
2.750676007908067448e-11 2.278883540607855451e+01
2.626754103723838430e-11 2.285831214980315806e+01
2.508415059277541164e-11 2.292800070856053196e+01
2.395407358720879364e-11 2.299790172811508882e+01
2.287490817355703964e-11 2.306801585620000594e+01
2.184436071149428453e-11 2.313834374252317261e+01
2.086024089248504767e-11 2.320888603877329359e+01
1.992045708453871123e-11 2.327964339862588616e+01
1.902301188668945834e-11 2.335061647774929483e+01
1.816599788375328454e-11 2.342180593381089793e+01
1.734759359233932571e-11 2.349321242648302643e+01
1.656605958949915292e-11 2.356483661744922031e+01
1.581973481578601379e-11 2.363667917041030719e+01
1.510703304486655735e-11 2.370874075109051304e+01
1.442643951218158857e-11 2.378102202724370073e+01
1.377650769549054908e-11 2.385352366865953400e+01
1.315585624045705184e-11 2.392624634716963783e+01
1.256316602474121465e-11 2.399919073665390457e+01
1.199717735435885536e-11 2.407235751304668270e+01
1.145668728634872713e-11 2.414574735434301900e+01
1.094054707205743563e-11 2.421936094060505695e+01
1.044765971560805297e-11 2.429319895396816875e+01
9.976977642363210919e-12 2.436726207864742122e+01
9.527500472427299281e-12 2.444155100094385702e+01
9.098272894455567715e-12 2.451606640925082203e+01
8.688382635251193273e-12 2.459080899406041354e+01
8.296958520834915573e-12 2.466577944796984312e+01
7.923168624866261362e-12 2.474097846568782799e+01
7.566218500481062867e-12 2.481640674404108537e+01
7.225349491787221187e-12 2.489206498198076289e+01
6.899837121430025566e-12 2.496795388058886900e+01
6.588989550799956274e-12 2.504407414308489166e+01
6.292146109610350533e-12 2.512042647483216129e+01
6.008675891719692913e-12 2.519701158334450142e+01
5.737976414214139263e-12 2.527383017829275147e+01
5.479472336900292857e-12 2.535088297151130021e+01
5.232614239486667181e-12 2.542817067700475775e+01
4.996877453854888798e-12 2.550569401095452449e+01
4.771760948938750295e-12 2.558345369172541339e+01
4.556786265841068804e-12 2.566145043987235397e+01
4.351496500925054685e-12 2.573968497814705003e+01
4.155455334718879720e-12 2.581815803150462330e+01
3.968246104569486209e-12 2.589687032711046655e+01
3.789470919074671554e-12 2.597582259434681973e+01
3.618749812411284068e-12 2.605501556481959824e+01
3.455719936762142883e-12 2.613444997236526390e+01
3.300034791125288633e-12 2.621412655305744366e+01
3.151363484866482715e-12 2.629404604521389643e+01
3.009390034449724220e-12 2.637420918940330949e+01
2.873812691851069165e-12 2.645461672845211254e+01
2.744343303228368279e-12 2.653526940745144103e+01
2.620706696483855308e-12 2.661616797376400712e+01
2.502640096417921806e-12 2.669731317703097062e+01
2.389892566231052571e-12 2.677870576917902312e+01
2.282224474186900947e-12 2.686034650442719496e+01
2.179406984302958017e-12 2.694223613929391448e+01
2.081221569986341573e-12 2.702437543260410280e+01
1.987459549580986004e-12 2.710676514549603056e+01
1.897921642839103292e-12 2.718940604142851925e+01
1.812417547374239409e-12 2.727229888618796139e+01
1.730765534195727638e-12 2.735544444789537266e+01
1.652792061464897208e-12 2.743884349701360037e+01
1.578331405652119674e-12 2.752249680635441109e+01
1.507225309310758650e-12 2.760640515108560678e+01
1.439322644719409514e-12 2.769056930873834688e+01
1.374479092677539432e-12 2.777499005921418984e+01
1.312556835771845424e-12 2.785966818479238682e+01
1.253424265461402076e-12 2.794460447013722870e+01
1.196955702359045318e-12 2.802979970230512308e+01
1.143031129114481055e-12 2.811525467075205498e+01
1.091535935331393239e-12 2.820097016734082729e+01
1.042360673976403371e-12 2.828694698634837579e+01
9.954008287621537927e-13 2.837318592447320142e+01
9.505565920101210964e-13 2.845968778084271733e+01
9.077326525210241876e-13 2.854645335702059228e+01
8.668379930019791413e-13 2.863348345701434283e+01
8.277856966198488999e-13 2.872077888728258088e+01
7.904927622696436052e-13 2.880834045674258803e+01
7.548799281653447139e-13 2.889616897677790419e+01
7.208715033782150067e-13 2.898426526124563196e+01
6.883952069645510000e-13 2.907263012648416023e+01
6.573820143409598452e-13 2.916126439132066750e+01
6.277660105806512639e-13 2.925016887707865720e+01
5.994842503189420589e-13 2.933934440758565998e+01
5.724766239702189757e-13 2.942879180918082938e+01
5.466857299720192071e-13 2.951851191072253044e+01
5.220567527846986258e-13 2.960850554359619480e+01
4.985373463873903549e-13 2.969877354172181327e+01
4.760775230226377835e-13 2.978931674156177678e+01
4.546295469532408588e-13 2.988013598212869226e+01
4.341478330055101397e-13 2.997123210499298906e+01
4.145888496832919568e-13 3.006260595429085214e+01
3.959110266468466874e-13 3.015425837673201670e+01
3.780746663599356772e-13 3.024619022160753445e+01
3.610418597173344898e-13 3.033840234079776721e+01
3.447764054734471086e-13 3.043089558878020995e+01
3.292437333007775390e-13 3.052367082263736719e+01
3.144108303147271120e-13 3.061672890206484254e+01
3.002461709085555437e-13 3.071007068937912976e+01
2.867196497493775666e-13 3.080369704952567034e+01
2.738025177927863271e-13 3.089760885008698210e+01
2.614673211801097351e-13 3.099180696129048940e+01
2.496878428884331669e-13 3.108629225601675117e+01
2.384390470093725187e-13 3.118106560980750075e+01
2.276970255381684607e-13 3.127612790087369632e+01
2.174389475600084433e-13 3.137148001010377030e+01
2.076430107255778903e-13 3.146712282107172953e+01
1.982883949127075539e-13 3.156305722004529102e+01
1.893552179756299062e-13 3.165928409599425564e+01
1.808244934877955346e-13 3.175580434059855506e+01
1.726780903884359482e-13 3.185261884825659706e+01
1.648986944471068271e-13 3.194972851609366060e+01
1.574697714643089952e-13 3.204713424396999244e+01
1.503755321299741445e-13 3.214483693448931234e+01
1.436008984651263660e-13 3.224283749300715129e+01
1.371314717753948464e-13 3.234113682763913289e+01
1.309535020482670293e-13 3.243973584926954601e+01
1.250538587290393809e-13 3.253863547155970082e+01
1.194200028133534810e-13 3.263783661095632027e+01
1.140399601970035530e-13 3.273734018670025847e+01
1.089022962263732783e-13 3.283714712083476428e+01
1.039960913954122392e-13 3.293725833821413573e+01
9.931091813749821015e-14 3.303767476651238866e+01
9.483681866285946746e-14 3.313839733623164108e+01
9.056428379445312116e-14 3.323942698071093105e+01
8.648423275731744640e-14 3.334076463613475738e+01
8.258799387844289553e-14 3.344241124154175537e+01
7.886728615614171798e-14 3.354436773883346490e+01
7.531420165974390485e-14 3.364663507278302035e+01
7.192118872221207811e-14 3.374921419104382636e+01
6.868103588995321604e-14 3.385210604415855329e+01
6.558685659571448392e-14 3.395531158556769213e+01
6.263207452198705157e-14 3.405883177161851449e+01
5.981040962380931308e-14 3.416266756157401829e+01
5.711586478126423824e-14 3.426681991762163193e+01
5.454271305329824894e-14 3.437128980488223107e+01
5.208548550577654822e-14 3.447607819141910568e+01
4.973895958790057372e-14 3.458118604824692000e+01
4.749814803228495147e-14 3.468661434934058718e+01
4.535828825510181514e-14 3.479236407164454192e+01
4.331483223376394234e-14 3.489843619508152983e+01
4.136343684063269135e-14 3.500483170256180898e+01
3.949995461220638952e-14 3.511155157999236565e+01
3.772042493416993767e-14 3.521859681628580319e+01
3.602106562357066352e-14 3.532596840336972122e+01
3.439826489022921031e-14 3.543366733619582476e+01
3.284857366030039957e-14 3.554169461274909025e+01
3.136869824566873299e-14 3.565005123405713050e+01
2.995549334359810162e-14 3.575873820419940330e+01
2.860595535175738798e-14 3.586775653031644850e+01
2.731721598441373368e-14 3.597710722261942351e+01
2.608653617622545318e-14 3.608679129439923372e+01
2.491130026067785938e-14 3.619680976203600409e+01
2.378901041078891012e-14 3.630716364500865012e+01
2.271728133026902561e-14 3.641785396590403678e+01
2.169383518385182240e-14 3.652888175042671293e+01
2.071649675602066874e-14 3.664024802740828335e+01
1.978318882784162344e-14 3.675195382881693007e+01
1.889192776207664370e-14 3.686400018976706860e+01
1.804081928719381083e-14 3.697638814852888345e+01
1.722805447131392155e-14 3.708911874653788487e+01
1.645190587753660778e-14 3.720219302840475706e+01
1.571072389247448697e-14 3.731561204192478698e+01
1.500293322019216772e-14 3.742937683808769833e+01
1.432702953409829382e-14 3.754348847108750675e+01
1.368157627967470534e-14 3.765794799833202688e+01
1.306520162124719923e-14 3.777275648045289103e+01
1.247659552630868480e-14 3.788791498131530489e+01
1.191450698119774739e-14 3.800342456802783175e+01
1.137774133221490283e-14 3.811928631095241826e+01
1.086515774652537186e-14 3.823550128371423540e+01
1.037566678745184815e-14 3.835207056321154795e+01
9.908228099003787819e-15 3.846899522962593920e+01
9.461848194721992045e-15 3.858627636643202408e+01
9.035578346138921373e-15 3.870391506040764540e+01
8.628512566366886697e-15 3.882191240164402757e+01
8.239785684528511756e-15 3.894026948355564599e+01
7.868571506936844139e-15 3.905898740289056548e+01
7.514081061116962179e-15 3.917806725974052284e+01
7.175560918936921598e-15 3.929751015755108057e+01
6.852291595284057445e-15 3.941731720313194387e+01
6.543586018883228769e-15 3.953748950666715700e+01
6.248788072006888048e-15 3.965802818172535638e+01
5.967271195973310206e-15 3.977893434527024397e+01
5.698437059469136149e-15 3.990020911767072676e+01
5.441714286865887813e-15 4.002185362271139013e+01
5.196557243827657124e-15 4.014386898760304945e+01
4.962444877628913816e-15 4.026625634299293921e+01
4.738879609717651175e-15 4.038901682297537121e+01
4.525386278170166762e-15 4.051215156510221505e+01
4.321511127789761707e-15 4.063566171039334307e+01
4.126820845702951703e-15 4.075954840334735252e+01
3.940901640403447430e-15 4.088381279195207441e+01
3.763358362286533035e-15 4.100845602769515352e+01
3.593813663804625706e-15 4.113347926557496237e+01
3.431907197459042637e-15 4.125888366411098218e+01
3.277294849923381851e-15 4.138467038535471687e+01
3.129648010670750527e-15 4.151084059490055012e+01
2.988652873550382529e-15 4.163739546189630403e+01
2.854009769829237298e-15 4.176433615905426677e+01
2.725432531281027804e-15 4.189166386266200703e+01
2.602647881969004497e-15 4.201937975259320979e+01
2.485394857429798337e-15 4.214748501231870392e+01
2.373424250023866043e-15 4.227598082891740461e+01
2.266498079273693003e-15 4.240486839308720590e+01
2.164389086064020144e-15 4.253414889915624997e+01
2.066880249629082065e-15 4.266382354509373442e+01
1.973764326300255330e-15 4.279389353252111050e+01
1.884843409033795524e-15 4.292436006672338067e+01
1.799928506782476492e-15 4.305522435665994863e+01
1.718839142817145648e-15 4.318648761497610877e+01
1.641402971144466450e-15 4.331815105801414489e+01
1.567455410205594972e-15 4.345021590582458515e+01
1.496839293077255487e-15 4.358268338217758497e+01
1.429404533431760975e-15 4.371555471457426023e+01
1.365007806546013811e-15 4.384883113425792089e+01
1.303512244681508990e-15 4.398251387622575237e+01
1.244787146187906174e-15 4.411660417923997812e+01
1.188707697711903385e-15 4.425110328583944153e+01
1.135154708920999067e-15 4.438601244235128718e+01
1.084014359178331002e-15 4.452133289890218037e+01
1.035177955630176174e-15 4.465706590943018739e+01
9.885417021919572861e-16 4.479321273169626494e+01
9.440064789417602266e-16 4.492977462729586335e+01
9.014776314524917589e-16 4.506675286167073580e+01
8.608647696149244310e-16 4.520414870412064090e+01
8.220815755240540564e-16 4.534196342781496014e+01
7.850456200204509295e-16 4.548019830980477707e+01
7.496781874966876882e-16 4.561885463103440941e+01
7.159041085964888580e-16 4.575793367635343856e+01
6.836516004510238108e-16 4.589743673452862538e+01
6.528521141127847671e-16 4.603736509825579759e+01
6.234401888627863970e-16 4.617772006417186503e+01
5.953533130814370258e-16 4.631850293286682785e+01
5.685317913873753576e-16 4.645971500889574202e+01
5.429186177618942347e-16 4.660135760079096912e+01
5.184593543892912659e-16 4.674343202107418449e+01
4.951020159556351042e-16 4.688593958626859859e+01
4.727969591600391172e-16 4.702888161691107172e+01
4.514967772036101949e-16 4.717225943756446327e+01
4.311561990318228590e-16 4.731607437682985307e+01
4.117319931161678866e-16 4.746032776735879111e+01
3.931828755705770148e-16 4.760502094586577471e+01
3.754694224073336639e-16 4.775015525314053377e+01
3.585539857459816813e-16 4.789573203406052926e+01
3.424006137971425646e-16 4.804175263760328818e+01
3.269749744511768048e-16 4.818821841685906548e+01
3.122442823092858153e-16 4.833513072904329277e+01
2.981772290019673516e-16 4.848249093550919042e+01
2.847439166467247590e-16 4.863030040176027313e+01
2.719157943036018825e-16 4.877856049746318234e+01
2.596655972934872501e-16 4.892727259646027704e+01
2.479672892502160189e-16 4.907643807678231695e+01
2.367960067833078879e-16 4.922605832066133758e+01
2.261280066337279297e-16 4.937613471454341862e+01
2.159406152103567636e-16 4.952666864910150935e+01
2.062121803999144451e-16 4.967766151924829643e+01
1.969220255479173522e-16 4.982911472414919984e+01
1.880504055128583389e-16 4.998102966723530471e+01
1.795784647002096897e-16 5.013340775621637135e+01
1.714881969870540985e-16 5.028625040309380267e+01
1.637624074521689060e-16 5.043955902417386739e+01
1.563846758302247877e-16 5.059333504008075266e+01
1.493393216124253312e-16 5.074757987576965945e+01
1.426113707194129821e-16 5.090229496054014646e+01
1.361865236756082817e-16 5.105748172804928231e+01
1.300511252173409984e-16 5.121314161632497530e+01
1.241921352701784631e-16 5.136927606777920374e+01
1.185971012337670655e-16 5.152588652922151624e+01
1.132541315152812631e-16 5.168297445187236860e+01
1.081518702552289208e-16 5.184054129137660993e+01
1.032794731918952520e-16 5.199858850781682662e+01
9.862658461312870676e-17 5.215711756572711266e+01
9.418331534647998988e-17 5.231612993410644918e+01
8.994022174092089642e-17 5.247562708643240370e+01
8.588828559546294183e-17 5.263561050067477964e+01
8.201889499202244821e-17 5.279608165930920904e+01
7.832382599179236333e-17 5.295704204933107917e+01
7.479522515621859291e-17 5.311849316226914652e+01
7.142559285543162362e-17 5.328043649419947059e+01
6.820776732865720320e-17 5.344287354575913440e+01
6.513490946272835983e-17 5.360580582216032752e+01
6.220048825634743944e-17 5.376923483320418029e+01
5.939826693920386587e-17 5.393316209329479705e+01
5.672228971644572952e-17 5.409758912145321119e+01
5.416686911033179564e-17 5.426251744133159605e+01
5.172657387216045327e-17 5.442794858122730517e+01
4.939621743878345913e-17 5.459388407409696242e+01
4.717084690917041550e-17 5.476032545757084335e+01
4.504573251759481309e-17 5.492727427396696527e+01
4.301635758106816925e-17 5.509473207030549702e+01
4.107840889965667906e-17 5.526270039832294145e+01
3.922776758927739761e-17 5.543118081448668732e+01
3.746050032748981654e-17 5.560017488000939068e+01
3.577285099367862278e-17 5.576968416086322833e+01
3.416123268585518246e-17 5.593971022779476954e+01
3.262222009711659968e-17 5.611025465633927212e+01
3.115254223555478378e-17 5.628131902683540488e+01
2.974907547214431100e-17 5.645290492443974273e+01
2.840883690183295162e-17 5.662501393914164538e+01
2.712897800372458770e-17 5.679764766577788748e+01
2.590677858688000983e-17 5.697080770404745920e+01
2.473964100886806662e-17 5.714449565852631707e+01
2.362508465477940437e-17 5.731871313868239071e+01
2.256074066496854610e-17 5.749346175889043309e+01
2.154434690031877835e-17 5.766874313844687094e+01
2.057374313432907378e-17 5.784455890158501035e+01
1.964686646180440421e-17 5.802091067748995812e+01
1.876174691439115775e-17 5.819780010031377060e+01
1.791650327363896016e-17 5.837522880919048873e+01
1.710933907269009941e-17 5.855319844825150000e+01
1.633853877809857112e-17 5.873171066664065876e+01
1.560246414366364626e-17 5.891076711852961267e+01
1.489955072852850599e-17 5.909036946313303673e+01
1.422830457214349157e-17 5.927051936472416571e+01
1.358729901902706370e-17 5.945121849265014902e+01
1.297517168657584171e-17 5.963246852134739839e+01
1.239062156947913113e-17 5.981427113035730514e+01
1.183240627458375536e-17 5.999662800434168730e+01
1.129933938033219308e-17 6.017954083309845004e+01
1.079028791516181371e-17 6.036301131157711808e+01
1.030416994950585339e-17 6.054704113989473768e+01
9.839952296278206682e-18 6.073163202335150146e+01
9.396648314954671042e-18 6.091678567244661480e+01
8.973315814583500993e-18 6.110250380289401306e+01
8.569055051268329583e-18 6.128878813563846961e+01
8.183006815867372326e-18 6.147564039687142667e+01
7.814350607844526557e-18 6.166306231804688309e+01
7.462302891391092000e-18 6.185105563589768707e+01
7.126115430111731216e-18 6.203962209245143100e+01
6.805073696735192827e-18 6.222876343504670871e+01
6.498495354469875178e-18 6.241848141634915947e+01
6.205728806776487428e-18 6.260877779436790291e+01
5.926151812475540527e-18 6.279965433247168249e+01
5.659170163246230834e-18 6.299111279940532171e+01
5.404216420705904051e-18 6.318315496930593866e+01
5.160748710385897009e-18 6.337578262171957277e+01
4.928249570040503252e-18 6.356899754161762672e+01
4.706224849841271715e-18 6.376280151941327290e+01
4.494202662119132682e-18 6.395719635097823641e+01
4.291732378422148942e-18 6.415218383765932231e+01
4.098383671757252825e-18 6.434776578629518440e+01
3.913745601980375969e-18 6.454394400923290220e+01
3.737425742391056766e-18 6.474072032434497714e+01
3.569049345675222524e-18 6.493809655504610134e+01
3.408258547423444941e-18 6.513607453031004013e+01
3.254711605531841552e-18 6.533465608468650032e+01
3.108082173869057658e-18 6.553384305831829693e+01
2.968058608665596110e-18 6.573363729695836355e+01
2.834343306151303434e-18 6.593404065198667752e+01
2.706652070033235702e-18 6.613505498042765396e+01
2.584713507469558437e-18 6.633668214496724147e+01
2.468268452255687234e-18 6.653892401397021672e+01
2.357069413996723019e-18 6.674178246149736538e+01
2.250880052095457282e-18 6.694525936732306093e+01
2.149474673437976138e-18 6.714935661695255931e+01
2.052637752709247854e-18 6.735407610163950665e+01
1.960163474319181621e-18 6.755941971840334759e+01
1.871855294965575343e-18 6.776538937004714569e+01
1.787525525904231719e-18 6.797198696517502015e+01
1.706994934038404502e-18 6.817921441820980988e+01
1.630092360979737836e-18 6.838707364941100764e+01
1.556654359271058889e-18 6.859556658489236725e+01
1.486524844997854020e-18 6.880469515663989455e+01
1.419554766050098573e-18 6.901446130252953992e+01
1.355601785329366219e-18 6.922486696634541659e+01
1.294529978227913486e-18 6.943591409779763524e+01
1.236209543736766636e-18 6.964760465254049393e+01
1.180516528568803210e-18 6.985994059219036956e+01
1.127332563710484867e-18 7.007292388434422037e+01
1.076544612842313762e-18 7.028655650259761956e+01
1.028044732093307689e-18 7.050084042656297356e+01
9.817298406188819949e-19 7.071577764188808146e+01
9.375015015145270986e-19 7.093137014027438170e+01
8.952657125996381469e-19 7.114761991949549724e+01
8.549327066268366792e-19 7.136452898341559603e+01
8.164167604921455283e-19 7.158209934200813507e+01
7.796360130405221373e-19 7.180033301137443402e+01
7.445122910795128033e-19 7.201923201376231987e+01
7.109709432312423645e-19 7.223879837758482836e+01
6.789406812696098674e-19 7.245903413743910448e+01
6.483534286054713425e-19 7.267994133412527447e+01
6.191441755977835096e-19 7.290152201466511883e+01
5.912508413831868999e-19 7.312377823232135654e+01
5.646141419303661581e-19 7.334671204661648858e+01
5.391774640387493992e-19 7.357032552335192577e+01
5.148867450137487580e-19 7.379462073462707394e+01
4.916903577628021306e-19 7.401959975885863230e+01
4.695390010680053012e-19 7.424526468079980646e+01
4.483855948021182066e-19 7.447161759155967786e+01
4.281851798652406683e-19 7.469866058862237423e+01
4.088948226294856236e-19 7.492639577586680844e+01
3.904735236885555825e-19 7.515482526358603366e+01
3.728821307182829962e-19 7.538395116850665545e+01
3.560832552629274355e-19 7.561377561380869849e+01
3.400411932703702753e-19 7.584430072914513232e+01
3.247218492073125576e-19 7.607552865066169545e+01
3.100926635931923494e-19 7.630746152101649216e+01
2.961225437988031504e-19 7.654010148940012925e+01
2.827817979625338347e-19 7.677345071155541234e+01
2.700420718837769674e-19 7.700751134979748258e+01
2.578762887593798351e-19 7.724228557303364084e+01
2.462585916350544111e-19 7.747777555678365502e+01
2.351642884494346339e-19 7.771398348319991101e+01
2.245697995539771518e-19 7.795091154108737896e+01
2.144526075971665285e-19 7.818856192592424748e+01
2.047912096665083441e-19 7.842693683988201769e+01
1.955650715865947069e-19 7.866603849184606645e+01
1.867545842761074156e-19 7.890586909743591093e+01
1.783410220710006194e-19 7.914643087902595653e+01
1.703065029252842561e-19 7.938772606576603152e+01
1.626339504048190671e-19 7.962975689360196441e+01
1.553070573933458342e-19 7.987252560529631751e+01
1.483102514336102901e-19 8.011603445044929117e+01
1.416286616299197456e-19 8.036028568551945739e+01
1.352480870417873961e-19 8.060528157384460712e+01
1.291549665014882813e-19 8.085102438566292449e+01
1.233363497913774690e-19 8.109751639813386248e+01
1.177798701197118064e-19 8.134475989535935980e+01
1.124737178364750718e-19 8.159275716840478765e+01
1.074066153333432274e-19 8.184151051532045074e+01
1.025677930744420826e-19 8.209102224116273305e+01
9.794696670695385943e-20 8.234129465801552783e+01
9.353431520292376579e-20 8.259233008501151119e+01
8.932045998580959558e-20 8.284413084835384211e+01
8.529644499741016244e-20 8.309669928133763506e+01
8.145371766280736820e-20 8.335003772437140412e+01
7.778411071286482259e-20 8.360414852499910410e+01
7.427982482564911256e-20 8.385903403792157462e+01
7.093341204987989661e-20 8.411469662501856703e+01
6.773775997517745103e-20 8.437113865537038748e+01
6.468607661546321232e-20 8.462836250528013693e+01
6.177187597338488048e-20 8.488637055829555322e+01
5.898896425508493570e-20 8.514516520523119425e+01
5.633142670601351654e-20 8.540474884419039370e+01
5.379361503980697735e-20 8.566512388058774263e+01
5.137013543351338557e-20 8.592629272717130107e+01
4.905583706365045586e-20 8.618825780404475267e+01
4.684580115873045172e-20 8.645102153869017059e+01
4.473533054498462995e-20 8.671458636599024317e+01
4.271993966306776835e-20 8.697895472825099716e+01
4.079534503452448738e-20 8.724412907522423666e+01
3.895745615775501199e-20 8.751011186413050780e+01
3.720236681413065768e-20 8.777690555968165143e+01
3.552634676578139217e-20 8.804451263410381046e+01
3.392583382740991588e-20 8.831293556716008197e+01
3.239742629528195715e-20 8.858217684617382304e+01
3.093787571730136655e-20 8.885223896605150173e+01
2.954407998880379785e-20 8.912312442930576140e+01
2.821307675939470732e-20 8.939483574607881167e+01
2.694203713681882197e-20 8.966737543416553535e+01
2.572825967447932106e-20 8.994074601903690791e+01
2.456916462982789999e-20 9.021495003386324640e+01
2.346228848142262408e-20 9.048999001953788479e+01
2.240527869300018250e-20 9.076586852470062183e+01
2.139588871343421512e-20 9.104258810576133953e+01
2.043197320195270482e-20 9.132015132692359316e+01
1.951148346846616251e-20 9.159856076020859916e+01
1.863246311931559939e-20 9.187781898547895310e+01
1.779304389918577168e-20 9.215792859046236174e+01
1.699144172034625835e-20 9.243889217077594367e+01
1.622595287078087160e-20 9.272071232995007506e+01
1.549495039314631610e-20 9.300339167945261920e+01
1.479688062686396364e-20 9.328693283871290021e+01
1.413025990599533732e-20 9.357133843514630200e+01
1.349367140588306458e-20 9.385661110417842679e+01
1.288576213185518017e-20 9.414275348926956610e+01
1.230524004359261616e-20 9.442976824193907248e+01
1.175087130904807537e-20 9.471765802179011473e+01
1.122147768207980306e-20 9.500642549653431956e+01
1.071593399822671152e-20 9.529607334201622848e+01
1.023316578330244974e-20 9.558660424223840835e+01
9.772146969725724691e-21 9.587802088938619249e+01
9.331897715733239096e-21 9.617032598385263498e+01
8.911482322840201747e-21 9.646352223426342221e+01
8.510007247122245746e-21 9.675761235750218248e+01
8.126619200091944796e-21 9.705259907873552550e+01
7.760503335133571085e-21 9.734848513143839455e+01
7.410881515641570178e-21 9.764527325741916286e+01
7.077010661181890018e-21 9.794296620684535526e+01
6.758181168161110186e-21 9.824156673826898611e+01
6.453715401646701958e-21 9.854107761865195414e+01
6.162966255132942007e-21 9.884150162339201984e+01
5.885315775191450306e-21 9.914284153634827135e+01
5.620173848083187819e-21 9.944510014986710189e+01
5.366976945540476377e-21 9.974828026480776089e+01
5.125186927053332509e-21 1.000523846905687293e+02
4.894289896114531634e-21 1.003574162451135550e+02
4.673795107992463726e-21 1.006633777549968300e+02
4.463233926710397674e-21 1.009702720553904811e+02
4.262158829015324705e-21 1.012781019901102866e+02
4.070142453219438538e-21 1.015868704116420105e+02
3.886776690892667575e-21 1.018965801811676499e+02
3.711671819475767115e-21 1.022072341685922083e+02
3.544455673970435358e-21 1.025188352525701845e+02
3.384772855945983186e-21 1.028313863205325163e+02
3.232283978181380764e-21 1.031448902687127429e+02
3.086664943337274650e-21 1.034593500021746024e+02
2.947606255124858443e-21 1.037747684348382649e+02
2.814812360507581394e-21 1.040911484895076740e+02
2.688001021537607498e-21 1.044084930978975194e+02
2.566902715491952014e-21 1.047268052006606780e+02
2.451260062033339938e-21 1.050460877474152142e+02
2.340827276178294390e-21 1.053663436967715796e+02
2.235369645909796598e-21 1.056875760163602536e+02
2.134663033324245553e-21 1.060097876828591126e+02
2.038493398252464337e-21 1.063329816820213978e+02
1.946656343342263144e-21 1.066571610087026443e+02
1.858956679635688379e-21 1.069823286668892877e+02
1.775208011717636186e-21 1.073084876697257499e+02
1.695232341554121215e-21 1.076356410395427901e+02
1.618859690178199138e-21 1.079637918078852863e+02
1.545927736419478610e-21 1.082929430155406578e+02
1.476281471909391090e-21 1.086230977125668744e+02
1.409772871628967720e-21 1.089542589583203807e+02
1.346260579298910983e-21 1.092864298214849015e+02
1.285609606943296521e-21 1.096196133800995938e+02
1.227691047988360386e-21 1.099538127215880081e+02
1.172381803286599763e-21 1.102890309427859421e+02
1.119564319483879396e-21 1.106252711499710415e+02
1.069126339173477170e-21 1.109625364588907388e+02
1.020960662306047632e-21 1.113008299947916697e+02
9.749649183484096798e-22 1.116401548924482938e+02
9.310413487069085293e-22 1.119805142961923821e+02
8.890965989529168146e-22 1.123219113599418790e+02
8.490415204088756300e-22 1.126643492472299215e+02
8.107909806731694585e-22 1.130078311312344539e+02
7.742636826811277366e-22 1.133523601948074599e+02
7.393819919175873499e-22 1.136979396305048624e+02
7.060717714137779909e-22 1.140445726406153426e+02
6.742622241778348964e-22 1.143922624371909365e+02
6.438857427240426013e-22 1.147410122420759393e+02
6.148777653810029272e-22 1.150908252869372888e+02
5.871766390733261571e-22 1.154417048132942227e+02
5.607234882852038365e-22 1.157936540725487191e+02
5.354620899273613187e-22 1.161466763260153385e+02
5.113387538414331401e-22 1.165007748449512661e+02
4.883022086877885239e-22 1.168559529105869359e+02
4.663034929742736586e-22 1.172122138141561862e+02
4.452958509942660126e-22 1.175695608569272963e+02
4.252346334528686040e-22 1.179279973502326726e+02
4.060772025700369470e-22 1.182875266155005392e+02
3.877828414589461325e-22 1.186481519842848655e+02
3.703126675869931059e-22 1.190098767982967018e+02
3.536295501355046340e-22 1.193727044094349026e+02
3.376980310825094890e-22 1.197366381798175894e+02
3.224842498408445487e-22 1.201016814818130030e+02
3.079558712914229857e-22 1.204678376980705536e+02
2.940820170587066833e-22 1.208351102215525401e+02
2.808331998823175469e-22 1.212035024555652853e+02
2.681812609453018133e-22 1.215730178137912532e+02
2.560993100258462142e-22 1.219436597203197437e+02
2.445616683452449044e-22 1.223154316096796066e+02
2.335438139906481513e-22 1.226883369268702921e+02
2.230223297965941094e-22 1.230623791273941663e+02
2.129748535745523340e-22 1.234375616772883433e+02
2.033800305846984123e-22 1.238138880531571431e+02
1.942174681489028535e-22 1.241913617422040801e+02
1.854676923084701381e-22 1.245699862422639370e+02
1.771121064345090419e-22 1.249497650618355067e+02
1.691329517029650585e-22 1.253307017201138933e+02
1.615132693503092955e-22 1.257127997470236096e+02
1.542368646296630572e-22 1.260960626832504374e+02
1.472882723907504885e-22 1.264804940802751929e+02
1.406527242105239161e-22 1.268660975004057576e+02
1.343161170046018123e-22 1.272528765168106588e+02
1.282649830528062438e-22 1.276408347135518540e+02
1.224864613750933261e-22 1.280299756856183535e+02
1.169682703970387134e-22 1.284203030389593039e+02
1.116986818467824911e-22 1.288118203905170844e+02
1.066664958279540857e-22 1.292045313682612289e+02
1.018610170155977330e-22 1.295984396112218633e+02
9.727203192450556895e-23 1.299935487695238123e+02
9.288978720164517165e-23 1.303898625044196251e+02
8.870496889654421365e-23 1.307873844883245056e+02
8.470868266557420123e-23 1.311861184048493669e+02
8.089243486805954948e-23 1.315860679488356482e+02
7.724811451403415984e-23 1.319872368263890792e+02
7.376797602527745886e-23 1.323896287549146109e+02
7.044462277299051501e-23 1.327932474631504363e+02
6.727099135712350308e-23 1.331980966912024655e+02
6.424033659394204143e-23 1.336041801905791431e+02
6.134621717992518311e-23 1.340115017242261786e+02
5.858248200152548322e-23 1.344200650665617616e+02
5.594325706169388396e-23 1.348298740035107812e+02
5.342293299538363435e-23 1.352409323325407797e+02
5.101615314749844048e-23 1.356532438626963994e+02
4.871780218794640716e-23 1.360668124146350237e+02
4.652299523960198469e-23 1.364816418206621051e+02
4.442706749606891685e-23 1.368977359247668915e+02
4.242556430717785710e-23 1.373150985826579813e+02
4.051423171114655321e-23 1.377337336617985954e+02
3.868900739327983566e-23 1.381536450414429282e+02
3.694601205199309808e-23 1.385748366126717315e+02
3.528154115380890381e-23 1.389973122784290638e+02
3.369205705980274259e-23 1.394210759535573914e+02
3.217418150676378194e-23 1.398461315648349057e+02
3.072468842709009684e-23 1.402724830510111644e+02
2.934049709215793360e-23 1.407001343628438406e+02
2.801866556459201059e-23 1.411290894631353865e+02
2.675638444552050758e-23 1.415593523267698401e+02
2.555097090352512159e-23 1.419909269407496595e+02
2.439986297259555226e-23 1.424238173042322160e+02
2.330061410696929340e-23 1.428580274285673113e+02
2.225088798128373896e-23 1.432935613373341823e+02
2.124845352498887309e-23 1.437304230663791031e+02
2.029118018046682355e-23 1.441686166638520490e+02
1.937703337477992808e-23 1.446081461902452077e+02
1.850407019542305941e-23 1.450490157184295867e+02
1.767043526088950346e-23 1.454912293336934681e+02
1.687435677727379149e-23 1.459347911337797825e+02
1.611414277253023189e-23 1.463797052289247063e+02
1.538817750038349462e-23 1.468259757418952915e+02
1.469491800624808101e-23 1.472736068080275231e+02
1.403289084785864591e-23 1.477226025752649434e+02
1.340068896363942379e-23 1.481729672041970218e+02
1.279696868215933742e-23 1.486247048680977514e+02
1.222044686631481203e-23 1.490778197529640750e+02
1.166989818617140271e-23 1.495323160575550787e+02
1.114415251466781357e-23 1.499881979934308447e+02
1.064209244064718076e-23 1.504454697849909053e+02
1.016265089392988969e-23 1.509041356695139768e+02
9.704808877380246687e-24 1.513641998971968690e+02
9.267593301146825708e-24 1.518256667311945591e+02
8.850074914473385044e-24 1.522885404476585052e+02
8.451366330684669323e-24 1.527528253357776009e+02
8.070620141149457883e-24 1.532185256978168297e+02
7.707027114212256275e-24 1.536856458491576802e+02
7.359814475265726129e-24 1.541541901183378513e+02
7.028244264308309842e-24 1.546241628470919238e+02
6.711611767496246254e-24 1.550955683903911506e+02
6.409244019356417843e-24 1.555684111164835315e+02
6.120498372476665109e-24 1.560426954069348540e+02
5.844761131633601649e-24 1.565184256566688248e+02
5.581446249454931988e-24 1.569956062740085940e+02
5.329994080844060520e-24 1.574742416807163465e+02
5.089870193519653366e-24 1.579543363120356503e+02
4.860564232142109281e-24 1.584358946167313889e+02
4.641588833612753420e-24 1.589189210571316266e+02
4.432478591240373669e-24 1.594034201091686498e+02
4.232789065573527227e-24 1.598893962624209735e+02
4.042095839796285442e-24 1.603768540201545250e+02
3.859993617679747498e-24 1.608657978993641109e+02
3.686095362172138685e-24 1.613562324308157088e+02
3.520031472796660801e-24 1.618481621590882469e+02
3.361449000108748135e-24 1.623415916426162084e+02
3.210010895543155322e-24 1.628365254537308431e+02
3.065395295056511074e-24 1.633329681787037941e+02
2.927294835042801167e-24 1.638309244177884807e+02
2.795415999067842190e-24 1.643303987852633270e+02
2.669478494034307239e-24 1.648313959094742813e+02
2.549214654451410209e-24 1.653339204328781022e+02
2.434368873543098014e-24 1.658379770120850765e+02
2.324697059985636125e-24 1.663435703179019356e+02
2.219966119119943431e-24 1.668507050353754835e+02
2.119953457536060127e-24 1.673593858638357119e+02
2.024446509976793337e-24 1.678696175169401670e+02
1.933242287555035450e-24 1.683814047227162689e+02
1.846146946324538289e-24 1.688947522236064742e+02
1.762975375287196536e-24 1.694096647765112209e+02
1.683550802961193735e-24 1.699261471528334937e+02
1.607704421673815439e-24 1.704442041385228208e+02
1.535275028780414892e-24 1.709638405341200098e+02
1.466108684046977059e-24 1.714850611548014285e+02
1.400058382468090330e-24 1.720078708304232009e+02
1.336983741824939834e-24 1.725322744055665396e+02
1.276750704319259136e-24 1.730582767395821122e+02
1.219231251649104466e-24 1.735858827066360845e+02
1.164303132920870778e-24 1.741150971957537195e+02
1.111849604819265365e-24 1.746459251108663864e+02
1.061759183482994727e-24 1.751783713708555013e+02
1.013925407558810197e-24 1.757124409095990245e+02
9.682466119303073964e-25 1.762481386760167084e+02
9.246257116405695347e-25 1.767854696341165663e+02
8.829699955494047156e-25 1.773244387630404049e+02
8.431909292866216029e-25 1.778650510571097811e+02
8.052039670825436508e-25 1.784073115258725579e+02
7.689283720758274035e-25 1.789512251941492877e+02
7.342870447166728103e-25 1.794967971020801940e+02
7.012063589007148427e-25 1.800440323051708162e+02
6.696160054853188339e-25 1.805929358743402418e+02
6.394488428556910482e-25 1.811435128959667509e+02
6.106407542232011505e-25 1.816957684719357928e+02
5.831305113526194717e-25 1.822497077196868247e+02
5.568596444286385595e-25 1.828053357722613157e+02
5.317723177850944677e-25 1.833626577783499840e+02
5.078152112327649485e-25 1.839216789023399485e+02
4.849374067335212972e-25 1.844824043243634151e+02
4.630902801799718412e-25 1.850448392403451123e+02
4.422273980505879110e-25 1.856089888620512340e+02
4.223044187206654796e-25 1.861748584171364200e+02
4.032789982193688657e-25 1.867424531491937501e+02
3.851107002325552930e-25 1.873117783178019522e+02
3.677609101601015705e-25 1.878828391985749420e+02
3.511927530450713559e-25 1.884556410832102529e+02
3.353710152002914877e-25 1.890301892795387744e+02
3.202620693657636837e-25 1.896064891115734099e+02
3.058338032378419193e-25 1.901845459195581043e+02
2.920555512182733304e-25 1.907643650600179512e+02
2.788980292380428259e-25 1.913459519058083345e+02
2.663332725174969789e-25 1.919293118461655467e+02
2.543345761304637643e-25 1.925144502867553626e+02
2.428764382460440568e-25 1.931013726497247660e+02
2.319345059274418017e-25 1.936900843737506364e+02
2.214855233726350091e-25 1.942805909140911069e+02
2.115072824868786108e-25 1.948728977426356721e+02
2.019785756819870183e-25 1.954670103479564318e+02
1.928791508020769846e-25 1.960629342353586537e+02
1.841896680799703215e-25 1.966606749269312502e+02
1.758916590327725463e-25 1.972602379615987331e+02
1.679674872092646254e-25 1.978616288951719469e+02
1.604003107056813277e-25 1.984648533004004776e+02
1.531740463702073568e-25 1.990699167670228462e+02
1.462733356201123955e-25 1.996768249018199128e+02
1.396835117988734034e-25 2.002855833286654672e+02
1.333905690039053220e-25 2.008961976885790364e+02
1.273811323186473266e-25 2.015086736397778964e+02
1.216424293857363057e-25 2.021230168577299935e+02
1.161622632608497060e-25 2.027392330352062118e+02
1.109289864895218187e-25 2.033573278823326405e+02
1.059314763518365689e-25 2.039773071266442059e+02
1.011591112223825558e-25 2.045991765131372233e+02
9.660174799522606325e-26 2.052229418043234546e+02
9.224970052592137016e-26 2.058486087802822340e+02
8.809371904473955212e-26 2.064761832387154925e+02
8.412497049736083424e-26 2.071056709950000538e+02
8.033501977124701945e-26 2.077370778822424597e+02
7.671581176779270921e-26 2.083704097513325451e+02
7.325965428215200022e-26 2.090056724709982348e+02
6.995920165435345900e-26 2.096428719278595736e+02
6.680743915695587612e-26 2.102820140264828694e+02
6.379766808606255764e-26 2.109231046894359451e+02
6.092349152400686667e-26 2.115661498573427082e+02
5.817880074344911593e-26 2.122111554889389140e+02
5.555776222398855416e-26 2.128581275611260537e+02
5.305480525369552149e-26 2.135070720690283110e+02
5.066461008921247912e-26 2.141579950260467342e+02
4.838209664925937476e-26 2.148109024639156530e+02
4.620241371751293860e-26 2.154658004327583569e+02
4.412092863191171780e-26 2.161226950011435974e+02
4.213321743847271860e-26 2.167815922561415505e+02
4.023505548869276904e-26 2.174424983033796650e+02
3.842240846055045182e-26 2.181054192671000180e+02
3.669142378402478967e-26 2.187703612902154475e+02
3.503842245290661189e-26 2.194373305343675611e+02
3.345989120549960913e-26 2.201063331799821583e+02
3.195247505759200277e-26 2.207773754263283195e+02
3.051297017182858178e-26 2.214504634915742827e+02
2.913831704832776479e-26 2.221256036128459073e+02
2.782559402207114244e-26 2.228028020462841141e+02
2.657201105324495767e-26 2.234820650671034628e+02
2.537490379733561264e-26 2.241633989696499327e+02
2.423172794237590824e-26 2.248468100674586481e+02
2.314005380130644619e-26 2.255323046933132503e+02
2.209756114795894143e-26 2.262198891993039069e+02
2.110203428568588035e-26 2.269095699568873385e+02
2.015135733815550317e-26 2.276013533569440597e+02
1.924350975230324410e-26 2.282952458098394573e+02
1.837656200388164889e-26 2.289912537454816857e+02
1.754867149648144941e-26 2.296893836133821480e+02
1.675807864530761945e-26 2.303896418827146420e+02
1.600310313738695321e-26 2.310920350423762386e+02
1.528214036025864640e-26 2.317965696010467411e+02
1.459365799155751833e-26 2.325032520872486828e+02
1.393619274224137690e-26 2.332120890494084051e+02
1.330834724654070706e-26 2.339230870559163691e+02
1.270878709202054314e-26 2.346362526951888867e+02
1.213623798344236870e-26 2.353515925757275511e+02
1.158948303439807088e-26 2.360691133261823893e+02
1.106736018095970044e-26 2.367888215954115765e+02
1.056875971184800708e-26 2.375107240525440488e+02
1.009262190987044330e-26 2.382348273870407525e+02
9.637934799615755906e-27 2.389611383087574552e+02
9.203731996618192598e-27 2.396896635480063651e+02
8.789090653419927797e-27 2.404204098556180043e+02
8.393129498166338865e-27 2.411533840030045610e+02
8.015006961565380952e-27 2.418885927822220765e+02
7.653919388230123719e-27 2.426260430060344504e+02
7.309099328602888006e-27 2.433657415079746897e+02
6.979813907830639177e-27 2.441076951424104209e+02
6.665363268124893088e-27 2.448519107846055363e+02
6.365079081295551859e-27 2.455983953307848537e+02
6.078323128297211671e-27 2.463471556981976391e+02
5.804485942768960444e-27 2.470981988251824362e+02
5.542985515684652127e-27 2.478515316712307879e+02
5.293266058360544949e-27 2.486071612170512708e+02
5.054796821191224833e-27 2.493650944646349217e+02
4.827070965603168560e-27 2.501253384373196411e+02
4.609604486828419624e-27 2.508879001798562456e+02
4.401935185208861168e-27 2.516527867584720468e+02
4.203621683844700958e-27 2.524200052609382681e+02
4.014242490499309907e-27 2.531895627966339930e+02
3.833395101766589488e-27 2.539614664966130704e+02
3.660695147596891459e-27 2.547357235136696545e+02
3.495775574363264764e-27 2.555123410224052805e+02
3.338285864731751116e-27 2.562913262192948309e+02
3.187891292677636158e-27 2.570726863227526451e+02
3.044272212064293490e-27 2.578564285732003327e+02
2.907123377272569520e-27 2.586425602331331106e+02
2.776153294436792516e-27 2.594310885871884125e+02
2.651083601908530702e-27 2.602220209422114294e+02
2.531648478631347695e-27 2.610153646273248000e+02
2.417594079169123227e-27 2.618111269939949466e+02
2.308677994187162769e-27 2.626093154161009124e+02
2.204668735239402907e-27 2.634099372900026310e+02
2.105345242766699724e-27 2.642130000346097631e+02
2.010496416260493076e-27 2.650185110914501934e+02
1.919920665593278874e-27 2.658264779247384695e+02
1.833425482562285003e-27 2.666369080214456062e+02
1.750827031735719788e-27 2.674498088913680363e+02
1.671949759731985113e-27 2.682651880671983236e+02
1.596626022101421854e-27 2.690830531045928637e+02
1.524695727017569826e-27 2.699034115822444164e+02
1.456005995020645566e-27 2.707262711019500330e+02
1.390410834090066798e-27 2.715516392886828498e+02
1.327770829355426371e-27 2.723795237906621765e+02
1.267952846786431360e-27 2.732099322794250043e+02
1.210829750232036964e-27 2.740428724498968336e+02
1.156280131207373073e-27 2.748783520204622732e+02
1.104188050854158020e-27 2.757163787330371747e+02
1.054442793526166195e-27 2.765569603531403118e+02
1.006938631476024950e-27 2.774001046699659696e+02
9.615746001432075671e-28 2.782458194964544873e+02
9.182542835656263897e-28 2.790941126693667229e+02
8.768856094587409313e-28 2.799449920493548234e+02
8.373806535266471613e-28 2.807984655210361211e+02
7.996554525892329919e-28 2.816545409930656092e+02
7.636298261282225670e-28 2.825132263982101222e+02
7.292272058728298273e-28 2.833745296934212092e+02
6.963744730628208126e-28 2.842384588599085191e+02
6.650018030431105172e-28 2.851050219032143218e+02
6.350425168595949331e-28 2.859742268532872345e+02
6.064329395408049650e-28 2.868460817645578800e+02
5.791122647641746142e-28 2.877205947160113055e+02
5.530224256192889175e-28 2.885977738112644033e+02
5.281079711934320308e-28 2.894776271786386701e+02
5.043159487171348061e-28 2.903601629712370027e+02
4.815957910192340887e-28 2.912453893670185039e+02
4.598992090522428486e-28 2.921333145688750506e+02
4.391800892596076592e-28 2.930239468047069522e+02
4.193943955667177624e-28 2.939172943274983822e+02
4.005000757873603050e-28 2.948133654153949692e+02
3.824569722466991114e-28 2.957121683717796259e+02
3.652267364308167924e-28 2.966137115253509364e+02
3.487727474814170606e-28 2.975180032301980191e+02
3.330600343624581974e-28 2.984250518658807323e+02
3.180552015332913159e-28 2.993348658375045943e+02
3.037263579703305377e-28 3.002474535758005345e+02
2.900430493863985561e-28 3.011628235372018594e+02
2.769761935036885408e-28 3.020809842039239470e+02
2.644980182427714688e-28 3.030019440840420089e+02
2.525820026962779320e-28 3.039257117115693632e+02
2.412028207618001861e-28 3.048522956465373568e+02
2.303362873142126574e-28 3.057817044750743207e+02
2.199593068030070186e-28 3.067139468094860035e+02
2.100498241653910897e-28 3.076490312883336742e+02
2.005867779508229873e-28 3.085869665765160903e+02
1.915500555573523937e-28 3.095277613653481126e+02
1.829204504846290104e-28 3.104714243726422183e+02
1.746796215127242113e-28 3.114179643427887640e+02
1.668100537200055688e-28 3.123673900468378406e+02
1.592950212572119750e-28 3.133197102825800471e+02
1.521185517986101639e-28 3.142749338746273793e+02
1.452653925946778275e-28 3.152330696744958800e+02
1.387209780541618132e-28 3.161941265606869820e+02
1.324713987866114854e-28 3.171581134387712950e+02
1.265033720395901222e-28 3.181250392414684711e+02
1.208042134677326350e-28 3.190949129287330379e+02
1.153618101736476041e-28 3.200677434878348890e+02
1.101645949633654756e-28 3.210435399334436966e+02
1.052015217616156917e-28 3.220223113077123003e+02
1.004620421346811137e-28 3.230040666803609497e+02
9.593608287093127095e-29 3.239888151487609775e+02
9.161402457138501935e-29 3.249765658380184163e+02
8.748668120479896137e-29 3.259673279010594911e+02
8.354528058382853959e-29 3.269611105187148041e+02
7.978144572076612759e-29 3.279579228998056237e+02
7.618717702322983022e-29 3.289577742812271595e+02
7.275483529196217270e-29 3.299606739280365559e+02
6.947712548460225134e-29 3.309666311335364526e+02
6.634708121092337380e-29 3.319756552193625794e+02
6.335804992658241315e-29 3.329877555355693062e+02
6.050367879391211803e-29 3.340029414607174090e+02
5.777790117970495044e-29 3.350212224019602445e+02
5.517492376129117004e-29 3.360426077951303228e+02
5.268921421350666623e-29 3.370671071048274712e+02
5.031548945038046490e-29 3.380947298245063166e+02
4.804870439655124302e-29 3.391254854765652453e+02
4.588404126454752164e-29 3.401593836124324639e+02
4.381689931514185624e-29 3.411964338126571192e+02
4.184288507901576051e-29 3.422366456869957005e+02
3.995780301895265572e-29 3.432800288745025910e+02
3.815764661271244595e-29 3.443265930436184021e+02
3.643858983763540425e-29 3.453763478922610375e+02
3.479697903887688250e-29 3.464293031479144247e+02
3.322932516398968369e-29 3.474854685677182147e+02
3.173229634734973237e-29 3.485448539385592426e+02
3.030271082866393303e-29 3.496074690771613405e+02
2.893753019050947509e-29 3.506733238301779352e+02
2.763385290053166784e-29 3.517424280742806104e+02
2.638890814457507460e-29 3.528147917162536942e+02
2.520004993764089530e-29 3.538904246930832755e+02
2.406475150015421632e-29 3.549693369720509963e+02
2.298059988758848905e-29 3.560515385508255122e+02
2.194529086203311448e-29 3.571370394575563978e+02
2.095662399480430774e-29 3.582258497509660060e+02
2.001249798969034963e-29 3.593179795204424067e+02
1.911090621689135856e-29 3.604134388861336333e+02
1.824993244816150374e-29 3.615122379990408490e+02
1.742774678408917263e-29 3.626143870411137868e+02
1.664260176485901989e-29 3.637198962253427226e+02
1.589282865622976434e-29 3.648287757958558473e+02
1.517683390283403740e-29 3.659410360280118653e+02
1.449309574126215217e-29 3.670566872284963438e+02
1.384016096573130042e-29 3.681757397354166983e+02
1.321664183946603790e-29 3.692982039183991674e+02
1.262121314522546089e-29 3.704240901786839117e+02
1.205260936870841430e-29 3.715534089492209660e+02
1.150962200885031147e-29 3.726861706947677817e+02
1.099109700929496158e-29 3.738223859119854637e+02
1.049593230558226671e-29 3.749620651295377343e+02
1.002307548283864300e-29 3.761052189081856909e+02
9.571521538991855517e-30 3.772518578408886469e+02
9.140310748756223115e-30 3.784019925528999124e+02
8.728526623848370100e-30 3.795556337018664408e+02
8.335293965098187641e-30 3.807127919779269973e+02
7.959777002314977837e-30 3.818734781038123174e+02
7.601177617955322329e-30 3.830377028349438433e+02
7.258733650817245291e-30 3.842054769595322909e+02
6.931717276155400289e-30 3.853768112986792289e+02
6.619433458774387384e-30 3.865517167064760997e+02
6.321218475812448787e-30 3.877302040701067085e+02
6.036438506075863803e-30 3.889122843099452211e+02
5.764488282925873204e-30 3.900979683796605855e+02
5.504789807854967785e-30 3.912872672663150979e+02
5.256791122018419326e-30 3.924801919904680290e+02
5.019965133110078984e-30 3.936767536062767476e+02
4.793808495089107158e-30 3.948769632016004607e+02
4.577840538376616438e-30 3.960808318981021330e+02
4.371602248248502473e-30 3.972883708513508054e+02
4.174655289253134661e-30 3.984995912509260734e+02
3.986581073580438972e-30 3.997145043205209163e+02
3.806979871402284210e-30 4.009331213180475402e+02
3.635469961293317725e-30 4.021554535357386726e+02
3.471686818926559796e-30 4.033815123002555083e+02
3.315282342319423188e-30 4.046113089727898569e+02
3.165924111983520791e-30 4.058448549491709514e+02
3.023294684405776390e-30 4.070821616599703248e+02
2.887090917359234475e-30 4.083232405706089025e+02
2.757023325609582517e-30 4.095681031814625044e+02
2.632815465648020054e-30 4.108167610279675159e+02
2.514203348142796509e-30 4.120692256807289482e+02
2.400934876860651669e-30 4.133255087456270189e+02
2.292769312865648585e-30 4.145856218639262352e+02
2.189476762856620717e-30 4.158495767123803830e+02
2.090837690555750062e-30 4.171173850033439976e+02
1.996642450109793230e-30 4.183890584848780350e+02
1.906690840512251997e-30 4.196646089408604894e+02
1.820791680099462457e-30 4.209440481910945095e+02
1.738762400216250623e-30 4.222273880914195274e+02
1.660428657187529705e-30 4.235146405338199997e+02
1.585623961771137057e-30 4.248058174465347747e+02
1.514189325304351996e-30 4.261009307941691304e+02
1.445972921792019530e-30 4.273999925778044258e+02
1.380829765218092280e-30 4.287030148351113894e+02
1.318621401394748545e-30 4.300100096404584633e+02
1.259215613694150955e-30 4.313209891050271381e+02
1.202486142037412225e-30 4.326359653769212059e+02
1.148312414543511137e-30 4.339549506412810729e+02
1.096579291267809956e-30 4.352779571203956266e+02
1.047176819485520266e-30 4.366049970738171169e+02
1.000000000000000083e-30 4.379360827984737057e+02
