# Matter power spectrum P(k) at redshift z=0
# for k=1.04775e-05 to 134.926 h/Mpc,
# number of wavenumbers equal to 255
#    1:k (h/Mpc)              2:P (Mpc/h)^3        
       1.047750691338e-05       5.020964870521e+01 
       1.131335172818e-05       5.407048608090e+01 
       1.221587619877e-05       5.822821042203e+01 
       1.319039970550e-05       6.270562760405e+01 
       1.424266598317e-05       6.752732040591e+01 
       1.537887697396e-05       7.271976777714e+01 
       1.660572938097e-05       7.831147032090e+01 
       1.793045413791e-05       8.433312636681e+01 
       1.936085902737e-05       9.081778849971e+01 
       2.090537469909e-05       9.780107110183e+01 
       2.257310435923e-05       1.053212932079e+02 
       2.437387742372e-05       1.134197273831e+02 
       2.631830745176e-05       1.221408237831e+02 
       2.841785470091e-05       1.315324588481e+02 
       3.068489367268e-05       1.416461654018e+02 
       3.313278604643e-05       1.525374468391e+02 
       3.577595943165e-05       1.642660539949e+02 
       3.862999240274e-05       1.768963437184e+02 
       4.171170631739e-05       1.904975997084e+02 
       4.503926445983e-05       2.051444254385e+02 
       4.863227909323e-05       2.209171405543e+02 
       5.251192705226e-05       2.379022260563e+02 
       5.670107455699e-05       2.561927816214e+02 
       6.122441198393e-05       2.758890475006e+02 
       6.610859938837e-05       2.970989228456e+02 
       7.138242363583e-05       3.199385561274e+02 
       7.707696806873e-05       3.445329728466e+02 
       8.322579570814e-05       3.710167316911e+02 
       8.986514707061e-05       3.995346448632e+02 
       9.703415376577e-05       4.302425392973e+02 
       1.047750691338e-04       4.633080764804e+02 
       1.131335172818e-04       4.989116269952e+02 
       1.221587619877e-04       5.372471946604e+02 
       1.319039970550e-04       5.785234118180e+02 
       1.424266598317e-04       6.229645931548e+02 
       1.537887697396e-04       6.708118485919e+02 
       1.660572938097e-04       7.223242652552e+02 
       1.793045413791e-04       7.777801572397e+02 
       1.936085902737e-04       8.374783632938e+02 
       2.090537469909e-04       9.017396280954e+02 
       2.257310435923e-04       9.709080275853e+02 
       2.437387742372e-04       1.045352451145e+03 
       2.631830745176e-04       1.125468123525e+03 
       2.841785470091e-04       1.211678180496e+03 
       3.068489367268e-04       1.304435246609e+03 
       3.313278604643e-04       1.404223052031e+03 
       3.577595943165e-04       1.511558013269e+03 
       3.862999240274e-04       1.626990830571e+03 
       4.171170631739e-04       1.751108015157e+03 
       4.503926445983e-04       1.884533356140e+03 
       4.863227909323e-04       2.027929341373e+03 
       5.251192705226e-04       2.181998387317e+03 
       5.670107455699e-04       2.347484005076e+03 
       6.122441198393e-04       2.525171728115e+03 
       6.610859938837e-04       2.715889767553e+03 
       7.138242363583e-04       2.920509366709e+03 
       7.707696806873e-04       3.139944617496e+03 
       8.322579570814e-04       3.375151628545e+03 
       8.986514707061e-04       3.627126799853e+03 
       9.703415376577e-04       3.896903922312e+03 
       1.047750691338e-03       4.185549953509e+03 
       1.131335172818e-03       4.494159202515e+03 
       1.221587619877e-03       4.823846052460e+03 
       1.319039970550e-03       5.175736008180e+03 
       1.424266598317e-03       5.551009607087e+03 
       1.537887697396e-03       5.950773383770e+03 
       1.660572938097e-03       6.376100972285e+03 
       1.793045413791e-03       6.828041546610e+03 
       1.936085902737e-03       7.307578384912e+03 
       2.090537469909e-03       7.815604087916e+03 
       2.257310435923e-03       8.352893296081e+03 
       2.437387742372e-03       8.920072775205e+03 
       2.631830745176e-03       9.517586806090e+03 
       2.841785470091e-03       1.014566012046e+04 
       3.068489367268e-03       1.080425575719e+04 
       3.313278604643e-03       1.149302905867e+04 
       3.577595943165e-03       1.221127507036e+04 
       3.862999240274e-03       1.295786705773e+04 
       4.171170631739e-03       1.373119332725e+04 
       4.503926445983e-03       1.452909201399e+04 
       4.863227909323e-03       1.534876125188e+04 
       5.251192705226e-03       1.618680886669e+04 
       5.670107455699e-03       1.703907340461e+04 
       6.122441198393e-03       1.790041331082e+04 
       6.610859938837e-03       1.876489904124e+04 
       7.138242363583e-03       1.962559374193e+04 
       7.707696806873e-03       2.047445993050e+04 
       8.322579570814e-03       2.130230772426e+04 
       8.986514707061e-03       2.209877026906e+04 
       9.703415376577e-03       2.285210575109e+04 
       1.047750691338e-02       2.354928487299e+04 
       1.131335172818e-02       2.417597279289e+04 
       1.221587619877e-02       2.471653803215e+04 
       1.319039970550e-02       2.515421790348e+04 
       1.424266598317e-02       2.547125310944e+04 
       1.537887697392e-02       2.564953934680e+04 
       1.660572938023e-02       2.567078457554e+04 
       1.793045412706e-02       2.551762130491e+04 
       1.936085890181e-02       2.517459695136e+04 
       2.090537352463e-02       2.462945588357e+04 
       2.257309535333e-02       2.387478775603e+04 
       2.437382002918e-02       2.290994096493e+04 
       2.631799944462e-02       2.174290131350e+04 
       2.841644545389e-02       2.039209973754e+04 
       3.067933355377e-02       1.888818672757e+04 
       3.311368470740e-02       1.727513437024e+04 
       3.571840443502e-02       1.561105273875e+04 
       3.847720348444e-02       1.396500189662e+04 
       4.135335538431e-02       1.240829099496e+04 
       4.429361667738e-02       1.099901723054e+04 
       4.724366439141e-02       9.767972850663e+03 
       5.016480835311e-02       8.715435410040e+03 
       5.303989620246e-02       7.821211433242e+03 
       5.586870669566e-02       7.056471606048e+03 
       5.866042680613e-02       6.392314396328e+03 
       6.142798932958e-02       5.803314453882e+03 
       6.418496440164e-02       5.268718210660e+03 
       6.694418833788e-02       4.772480706931e+03 
       6.971731106057e-02       4.302786127427e+03 
       7.251476155766e-02       3.851921625997e+03 
       7.534587671527e-02       3.415698261325e+03 
       7.821907666265e-02       2.993253671087e+03 
       8.114203772912e-02       2.586412286510e+03 
       8.412184535029e-02       2.199098571279e+03 
       8.716512279304e-02       1.836555821385e+03 
       9.027813695930e-02       1.504436541743e+03 
       9.346688431697e-02       1.207679142009e+03 
       9.673716028276e-02       9.498955077876e+02 
       1.000946150830e-01       7.325772036406e+02 
       1.035447986537e-01       5.549419078577e+02 
       1.070931966762e-01       4.140648283774e+02 
       1.107452594425e-01       3.053493483008e+02 
       1.145064249153e-01       2.232745148084e+02 
       1.183821370918e-01       1.620884054042e+02 
       1.223778605862e-01       1.164620749009e+02 
       1.264990921987e-01       8.191665135662e+01 
       1.307513701367e-01       5.514002330058e+01 
       1.351402814784e-01       3.405977797325e+01 
       1.396714684203e-01       1.782235103913e+01 
       1.443506338194e-01       6.535415874039e+00 
       1.491835465229e-01       7.347677559076e-01 
       1.541760469708e-01       6.669694626334e-01 
       1.593340535561e-01       5.640084827703e+00 
       1.646635702297e-01       1.380235173052e+01 
       1.701706958456e-01       2.257550527880e+01 
       1.758616357459e-01       2.958258511005e+01 
       1.817427160982e-01       3.354422620462e+01 
       1.878204015065e-01       3.449356791009e+01 
       1.941013164283e-01       3.360455948242e+01 
       2.005922709503e-01       3.232821259783e+01 
       2.073002914972e-01       3.154490896466e+01 
       2.142326570816e-01       3.129561358565e+01 
       2.213969417533e-01       3.099275278435e+01 
       2.288010639706e-01       2.977280108610e+01 
       2.364533437147e-01       2.689189410543e+01 
       2.443625682930e-01       2.233432686281e+01 
       2.525380679504e-01       1.702170258791e+01 
       2.609898026346e-01       1.213197976520e+01 
       2.697284615565e-01       8.360540276217e+00 
       2.787655775689e-01       5.772005604741e+00 
       2.881136588829e-01       3.976334274949e+00 
       2.977863412677e-01       2.544829056382e+00 
       3.077985646929e-01       1.352151962651e+00 
       3.181667794071e-01       4.974730917110e-01 
       3.289091877812e-01       7.999896681233e-02 
       3.400460299658e-01       1.869949859995e-03 
       3.515999236474e-01       7.200306384713e-02 
       3.635962711085e-01       1.835739269129e-01 
       3.760637506334e-01       3.228905110630e-01 
       3.890349143879e-01       4.648910983139e-01 
       4.025469216825e-01       5.488234211294e-01 
       4.166424456376e-01       5.339531602537e-01 
       4.313708035863e-01       4.589894302732e-01 
       4.467893782977e-01       3.685439288756e-01 
       4.629654199664e-01       2.756800180581e-01 
       4.799783501994e-01       1.776946743083e-01 
       4.979227319373e-01       9.233195642160e-02 
       5.169121270864e-01       3.810863659160e-02 
       5.370841404489e-01       9.798591338563e-03 
       5.586070464571e-01       1.662309891628e-04 
       5.816885094930e-01       2.785882327957e-03 
       6.065870144995e-01       8.894746108137e-03 
       6.336266468475e-01       1.316352107762e-02 
       6.632156059511e-01       1.276868927911e-02 
       6.958678639263e-01       8.876812480270e-03 
       7.322247985589e-01       4.103903838756e-03 
       7.730680195114e-01       9.693830617721e-04 
       8.193049553677e-01       1.058787581198e-05 
       8.718988016039e-01       1.632272374769e-04 
       9.317218031082e-01       2.420719301949e-04 
       9.993660908989e-01       8.633271722951e-05 
       1.075037110174e+00       1.208450475289e-06 
       1.158653485707e+00       1.261031625808e-05 
       1.250099157308e+00       1.264856447436e-05 
       1.349432401273e+00       2.493854062601e-06 
       1.456947457397e+00       6.456826561449e-08 
       1.573135111331e+00       3.181883572560e-09 
       1.698621895592e+00       1.430444900168e-07 
       1.834127512934e+00       1.173538857101e-07 
       1.980444934528e+00       1.148903001790e-07 
       2.138435191726e+00       4.828795364719e-08 
       2.309029199186e+00       4.808405491512e-08 
       2.493232377687e+00       1.879735936501e-08 
       2.692130395285e+00       2.056753562344e-08 
       2.906895534573e+00       4.015956403253e-08 
       3.138793597714e+00       2.352791794177e-08 
       3.389191366484e+00       5.684853998422e-09 
       3.659564657905e+00       5.736633837954e-09 
       3.951507022538e+00       9.607182828485e-09 
       4.266739136701e+00       1.464404022327e-08 
       4.607118943941e+00       1.581500819654e-08 
       4.974652605557e+00       2.260620343149e-11 
       5.371506324689e+00       1.177592375962e-08 
       5.800019113685e+00       2.773899013661e-08 
       6.262716579983e+00       2.266131002498e-08 
       6.762325811764e+00       2.023308084152e-10 
       7.301791451110e+00       5.258035791879e-10 
       7.884293049406e+00       7.710031124365e-09 
       8.513263807261e+00       1.916150576466e-09 
       9.192410809424e+00       7.919978228286e-09 
       9.925736873929e+00       2.078120339599e-10 
       1.071756414427e+01       3.274179704169e-09 
       1.157255956364e+01       1.594248385044e-08 
       1.249576238137e+01       8.304381621682e-10 
       1.349261385375e+01       4.073649199507e-09 
       1.456898931416e+01       9.496235764535e-09 
       1.573123280165e+01       1.931322405887e-08 
       1.698619445202e+01       2.725779608244e-08 
       1.834127087176e+01       1.136589391282e-10 
       1.980444873285e+01       1.390400193414e-08 
       2.138435184532e+01       1.066926266164e-10 
       2.309029198506e+01       6.396950811543e-09 
       2.493232377636e+01       1.418686786443e-09 
       2.692130395282e+01       7.057816384875e-11 
       2.906895534573e+01       4.872067538054e-12 
       3.138793597714e+01       2.945289485419e-11 
       3.389191366484e+01       6.465366275035e-12 
       3.659564657905e+01       5.727491535330e-12 
       3.951507022538e+01       2.207303762486e-10 
       4.266739136701e+01       1.244893483978e-10 
       4.607118943941e+01       2.216014302138e-10 
       4.974652605557e+01       6.714055076936e-11 
       5.371506324689e+01       1.000931955253e-10 
       5.800019113685e+01       1.644283777760e-10 
       6.262716579983e+01       5.292570396601e-10 
       6.762325811764e+01       1.320510516468e-10 
       7.301791451110e+01       2.480732536305e-09 
       7.884293049406e+01       4.947982616341e-11 
       8.513263807261e+01       2.903909189893e-10 
       9.192410809424e+01       6.279157476587e-10 
       9.925736873929e+01       4.809067439514e-12 
       1.071756414427e+02       3.920180961080e-13 
       1.157255956364e+02       1.344292806533e-10 
       1.249576238137e+02       1.610171013298e-11 
       1.349261385375e+02       5.718517343762e-11 
