# Matter power spectrum P(k) at redshift z=99
# for k=1.04775e-05 to 134.926 h/Mpc,
# number of wavenumbers equal to 255
#    1:k (h/Mpc)              2:P (Mpc/h)^3        
       1.047750691338e-05       7.261927226749e-03 
       1.131335172818e-05       7.820332292348e-03 
       1.221587619877e-05       8.421675534606e-03 
       1.319039970550e-05       9.069257901995e-03 
       1.424266598317e-05       9.766636627675e-03 
       1.537887697396e-05       1.051763992664e-02 
       1.660572938097e-05       1.132639271225e-02 
       1.793045413791e-05       1.219733223453e-02 
       1.936085902737e-05       1.313524210945e-02 
       2.090537469909e-05       1.414527110508e-02 
       2.257310435923e-05       1.523296572014e-02 
       2.437387742372e-05       1.640429684262e-02 
       2.631830745176e-05       1.766569635102e-02 
       2.841785470091e-05       1.902408745408e-02 
       3.068489367268e-05       2.048693004237e-02 
       3.313278604643e-05       2.206225507148e-02 
       3.577595943165e-05       2.375870925834e-02 
       3.862999240274e-05       2.558560715908e-02 
       4.171170631739e-05       2.755297722753e-02 
       4.503926445983e-05       2.967161987435e-02 
       4.863227909323e-05       3.195316513921e-02 
       5.251192705226e-05       3.441013527430e-02 
       5.670107455699e-05       3.705601809788e-02 
       6.122441198393e-05       3.990533486459e-02 
       6.610859938837e-05       4.297372326814e-02 
       7.138242363583e-05       4.627802140978e-02 
       7.707696806873e-05       4.983636251365e-02 
       8.322579570814e-05       5.366826884379e-02 
       8.986514707061e-05       5.779476424410e-02 
       9.703415376577e-05       6.223848334058e-02 
       1.047750691338e-04       6.702379946165e-02 
       1.131335172818e-04       7.217695115772e-02 
       1.221587619877e-04       7.772619167147e-02 
       1.319039970550e-04       8.370193531843e-02 
       1.424266598317e-04       9.013692663233e-02 
       1.537887697396e-04       9.706641304303e-02 
       1.660572938097e-04       1.045283361887e-01 
       1.793045413791e-04       1.125635349354e-01 
       1.936085902737e-04       1.212159613178e-01 
       2.090537469909e-04       1.305329130737e-01 
       2.257310435923e-04       1.405652844462e-01 
       2.437387742372e-04       1.513678301899e-01 
       2.631830745176e-04       1.629994504037e-01 
       2.841785470091e-04       1.755234921555e-01 
       3.068489367268e-04       1.890080678654e-01 
       3.313278604643e-04       2.035264013192e-01 
       3.577595943165e-04       2.191571816375e-01 
       3.862999240274e-04       2.359849464331e-01 
       4.171170631739e-04       2.541004756931e-01 
       4.503926445983e-04       2.736012108114e-01 
       4.863227909323e-04       2.945916824748e-01 
       5.251192705226e-04       3.171839561242e-01 
       5.670107455699e-04       3.414980825862e-01 
       6.122441198393e-04       3.676625476504e-01 
       6.610859938837e-04       3.958147336541e-01 
       7.138242363583e-04       4.261013399169e-01 
       7.707696806873e-04       4.586787951298e-01 
       8.322579570814e-04       4.937136186379e-01 
       8.986514707061e-04       5.313827038378e-01 
       9.703415376577e-04       5.718735255244e-01 
       1.047750691338e-03       6.153842006024e-01 
       1.131335172818e-03       6.621233703091e-01 
       1.221587619877e-03       7.123098822229e-01 
       1.319039970550e-03       7.661721338819e-01 
       1.424266598317e-03       8.239547251225e-01 
       1.537887697396e-03       8.859012343044e-01 
       1.660572938097e-03       9.522589539213e-01 
       1.793045413791e-03       1.023280286475e+00 
       1.936085902737e-03       1.099216540026e+00 
       2.090537469909e-03       1.180313277482e+00 
       2.257310435923e-03       1.266804471612e+00 
       2.437387742372e-03       1.358905302734e+00 
       2.631830745176e-03       1.456803245851e+00 
       2.841785470091e-03       1.560647603387e+00 
       3.068489367268e-03       1.670536915091e+00 
       3.313278604643e-03       1.786504870395e+00 
       3.577595943165e-03       1.908504255409e+00 
       3.862999240274e-03       2.036389397267e+00 
       4.171170631739e-03       2.169898186349e+00 
       4.503926445983e-03       2.308634159410e+00 
       4.863227909323e-03       2.452050115741e+00 
       5.251192705226e-03       2.599433976905e+00 
       5.670107455699e-03       2.749899872201e+00 
       6.122441198393e-03       2.902388573910e+00 
       6.610859938837e-03       3.055669932429e+00 
       7.138242363583e-03       3.208356976746e+00 
       7.707696806873e-03       3.358922804114e+00 
       8.322579570814e-03       3.505723159838e+00 
       8.986514707061e-03       3.647006114300e+00 
       9.703415376577e-03       3.780917156598e+00 
       1.047750691338e-02       3.905481096063e+00 
       1.131335172818e-02       4.018574195119e+00 
       1.221587619877e-02       4.117882329928e+00 
       1.319039970550e-02       4.200890819586e+00 
       1.424266598317e-02       4.264908448257e+00 
       1.537887697392e-02       4.307173770015e+00 
       1.660572938023e-02       4.325003023899e+00 
       1.793045412706e-02       4.315983971439e+00 
       1.936085890181e-02       4.278129532239e+00 
       2.090537352463e-02       4.210080241840e+00 
       2.257309535333e-02       4.111261802854e+00 
       2.437382002918e-02       3.982224060111e+00 
       2.631799944462e-02       3.824924005822e+00 
       2.841644545389e-02       3.642982432011e+00 
       3.067933355377e-02       3.441830204432e+00 
       3.311368470740e-02       3.228796525013e+00 
       3.571840443502e-02       3.012976291533e+00 
       3.847720348444e-02       2.804654668274e+00 
       4.135335538431e-02       2.613676874119e+00 
       4.429361667738e-02       2.447294969467e+00 
       4.724366439141e-02       2.308284742536e+00 
       5.016480835311e-02       2.195057795602e+00 
       5.303989620246e-02       2.103205556070e+00 
       5.586870669566e-02       2.027197126287e+00 
       5.866042680613e-02       1.961793624055e+00 
       6.142798932958e-02       1.902326698173e+00 
       6.418496440164e-02       1.844942917877e+00 
       6.694418833788e-02       1.786585218529e+00 
       6.971731106057e-02       1.725034186011e+00 
       7.251476155766e-02       1.658910409390e+00 
       7.534587671527e-02       1.587671980039e+00 
       7.821907666265e-02       1.511590127431e+00 
       8.114203772912e-02       1.431679517383e+00 
       8.412184535029e-02       1.349566168751e+00 
       8.716512279304e-02       1.267312292430e+00 
       9.027813695930e-02       1.187196114372e+00 
       9.346688431697e-02       1.111468225638e+00 
       9.673716028276e-02       1.042104848809e+00 
       1.000946150830e-01       9.805879587169e-01 
       1.035447986537e-01       9.277658917103e-01 
       1.070931966762e-01       8.837290877680e-01 
       1.107452594425e-01       8.477747563051e-01 
       1.145064249153e-01       8.184369448538e-01 
       1.183821370918e-01       7.935839687529e-01 
       1.223778605862e-01       7.706347880352e-01 
       1.264990921987e-01       7.468764448376e-01 
       1.307513701367e-01       7.199307304307e-01 
       1.351402814784e-01       6.882449221081e-01 
       1.396714684203e-01       6.514955914534e-01 
       1.443506338194e-01       6.107328493882e-01 
       1.491835465229e-01       5.681745003761e-01 
       1.541760469708e-01       5.266729218047e-01 
       1.593340535561e-01       4.890151574584e-01 
       1.646635702297e-01       4.572080516400e-01 
       1.701706958456e-01       4.319846947766e-01 
       1.758616357459e-01       4.126198568520e-01 
       1.817427160982e-01       3.970962147321e-01 
       1.878204015065e-01       3.827927870461e-01 
       1.941013164283e-01       3.668832382139e-01 
       2.005922709503e-01       3.476036590647e-01 
       2.073002914972e-01       3.251065529886e-01 
       2.142326570816e-01       3.012950853288e-01 
       2.213969417533e-01       2.787102341325e-01 
       2.288010639706e-01       2.593619031511e-01 
       2.364533437147e-01       2.440561003683e-01 
       2.443625682930e-01       2.320829521970e-01 
       2.525380679504e-01       2.214621800518e-01 
       2.609898026346e-01       2.101249865740e-01 
       2.697284615565e-01       1.971394926489e-01 
       2.787655775689e-01       1.830795062470e-01 
       2.881136588829e-01       1.695998328443e-01 
       2.977863412677e-01       1.581612686270e-01 
       3.077985646929e-01       1.488555134853e-01 
       3.181667794071e-01       1.406497559369e-01 
       3.289091877812e-01       1.322767884367e-01 
       3.400460299658e-01       1.232790746563e-01 
       3.515999236474e-01       1.143425691819e-01 
       3.635962711085e-01       1.063383338162e-01 
       3.760637506334e-01       9.948372775221e-02 
       3.890349143879e-01       9.312476403215e-02 
       4.025469216825e-01       8.671601262443e-02 
       4.166424456376e-01       8.034782504490e-02 
       4.313708035863e-01       7.447798230540e-02 
       4.467893782977e-01       6.918615151216e-02 
       4.629654199664e-01       6.417949488456e-02 
       4.799783501994e-01       5.925867648406e-02 
       4.979227319373e-01       5.459575331141e-02 
       5.169121270864e-01       5.030744280896e-02 
       5.370841404489e-01       4.620828046528e-02 
       5.586070464571e-01       4.226693278300e-02 
       5.816885094930e-01       3.856644947828e-02 
       6.065870144995e-01       3.504566881602e-02 
       6.336266468475e-01       3.167670735104e-02 
       6.632156059511e-01       2.848232185973e-02 
       6.958678639263e-01       2.542751113870e-02 
       7.322247985589e-01       2.252182686655e-02 
       7.730680195114e-01       1.975485982880e-02 
       8.193049553677e-01       1.713748341432e-02 
       8.718988016039e-01       1.468281416801e-02 
       9.317218031082e-01       1.241595433347e-02 
       9.993660908989e-01       1.036608126629e-02 
       1.075037110174e+00       8.556091187675e-03 
       1.158653485707e+00       6.994340595397e-03 
       1.250099157308e+00       5.672017285962e-03 
       1.349432401273e+00       4.566441886437e-03 
       1.456947457397e+00       3.650243503885e-03 
       1.573135111331e+00       2.895932004323e-03 
       1.698621895592e+00       2.278433130318e-03 
       1.834127512934e+00       1.775913260638e-03 
       1.980444934528e+00       1.369559162997e-03 
       2.138435191726e+00       1.043485489898e-03 
       2.309029199186e+00       7.840297247783e-04 
       2.493232377687e+00       5.796804086308e-04 
       2.692130395285e+00       4.206091720028e-04 
       2.906895534573e+00       2.985133482537e-04 
       3.138793597714e+00       2.063352999957e-04 
       3.389191366484e+00       1.381413009840e-04 
       3.659564657905e+00       8.890702302484e-05 
       3.951507022538e+00       5.441412187792e-05 
       4.266739136701e+00       3.117148140309e-05 
       4.607118943941e+00       1.628456763681e-05 
       4.974652605557e+00       7.398327170147e-06 
       5.371506324689e+00       2.636663476398e-06 
       5.800019113685e+00       5.365634308738e-07 
       6.262716579983e+00       9.811057168299e-10 
       6.762325811764e+00       2.457695471180e-07 
       7.301791451110e+00       7.492920738636e-07 
       7.884293049406e+00       1.203844257101e-06 
       8.513263807261e+00       1.462602956941e-06 
       9.192410809424e+00       1.495358630578e-06 
       9.925736873929e+00       1.341197430140e-06 
       1.071756414427e+01       1.073340061492e-06 
       1.157255956364e+01       7.684572731794e-07 
       1.249576238137e+01       4.880136082189e-07 
       1.349261385375e+01       2.687315597226e-07 
       1.456898931416e+01       1.224395151614e-07 
       1.573123280165e+01       4.139971536324e-08 
       1.698619445202e+01       7.355598884223e-09 
       1.834127087176e+01       2.203602540556e-14 
       1.980444873285e+01       3.013097333972e-09 
       2.138435184532e+01       6.715906993967e-09 
       2.309029198506e+01       7.563333764274e-09 
       2.493232377636e+01       5.885899423868e-09 
       2.692130395282e+01       3.374079418295e-09 
       2.906895534573e+01       1.378617079250e-09 
       3.138793597714e+01       3.357607174639e-10 
       3.389191366484e+01       1.916341915752e-11 
       3.659564657905e+01       1.552886958327e-11 
       3.951507022538e+01       5.216762713435e-11 
       4.266739136701e+01       4.848985536872e-11 
       4.607118943941e+01       2.406559251520e-11 
       4.974652605557e+01       6.273563391837e-12 
       5.371506324689e+01       4.423769957376e-13 
       5.800019113685e+01       9.392668880503e-14 
       6.262716579983e+01       2.849413576469e-13 
       6.762325811764e+01       1.270513097771e-13 
       7.301791451110e+01       7.292270854190e-15 
       7.884293049406e+01       9.851886296478e-15 
       8.513263807261e+01       2.570590977573e-14 
       9.192410809424e+01       1.913696729630e-14 
       9.925736873929e+01       9.651554134728e-15 
       1.071756414427e+02       4.329937866140e-15 
       1.157255956364e+02       3.201664212977e-15 
       1.249576238137e+02       2.428915117754e-15 
       1.349261385375e+02       2.196205031178e-15 
