# Matter power spectrum P(k) at redshift z=99
# for k=1.04775e-05 to 134.926 h/Mpc,
# number of wavenumbers equal to 255
#    1:k (h/Mpc)              2:P (Mpc/h)^3        
       1.047750691338e-05       7.261927095227e-03 
       1.131335172818e-05       7.820332150693e-03 
       1.221587619877e-05       8.421675382263e-03 
       1.319039970550e-05       9.069257737931e-03 
       1.424266598317e-05       9.766636451048e-03 
       1.537887697396e-05       1.051763973633e-02 
       1.660572938097e-05       1.132639250743e-02 
       1.793045413791e-05       1.219733201499e-02 
       1.936085902737e-05       1.313524187193e-02 
       2.090537469909e-05       1.414527084967e-02 
       2.257310435923e-05       1.523296544481e-02 
       2.437387742372e-05       1.640429654629e-02 
       2.631830745176e-05       1.766569603274e-02 
       2.841785470091e-05       1.902408711150e-02 
       3.068489367268e-05       2.048692967431e-02 
       3.313278604643e-05       2.206225467534e-02 
       3.577595943165e-05       2.375870883837e-02 
       3.862999240274e-05       2.558560669806e-02 
       4.171170631739e-05       2.755297672491e-02 
       4.503926445983e-05       2.967161933395e-02 
       4.863227909323e-05       3.195316455637e-02 
       5.251192705226e-05       3.441013466114e-02 
       5.670107455699e-05       3.705601741680e-02 
       6.122441198393e-05       3.990533412812e-02 
       6.610859938837e-05       4.297372242505e-02 
       7.138242363583e-05       4.627802054824e-02 
       7.707696806873e-05       4.983636159857e-02 
       8.322579570814e-05       5.366826786901e-02 
       8.986514707061e-05       5.779476319698e-02 
       9.703415376577e-05       6.223848221798e-02 
       1.047750691338e-04       6.702379824981e-02 
       1.131335172818e-04       7.217695031036e-02 
       1.221587619877e-04       7.772619030316e-02 
       1.319039970550e-04       8.370193379993e-02 
       1.424266598317e-04       9.013692506615e-02 
       1.537887697396e-04       9.706641130344e-02 
       1.660572938097e-04       1.045283343105e-01 
       1.793045413791e-04       1.125635329179e-01 
       1.936085902737e-04       1.212159592303e-01 
       2.090537469909e-04       1.305329107429e-01 
       2.257310435923e-04       1.405652819354e-01 
       2.437387742372e-04       1.513678275069e-01 
       2.631830745176e-04       1.629994475126e-01 
       2.841785470091e-04       1.755234890471e-01 
       3.068489367268e-04       1.890080645292e-01 
       3.313278604643e-04       2.035263977424e-01 
       3.577595943165e-04       2.191571778037e-01 
       3.862999240274e-04       2.359849423253e-01 
       4.171170631739e-04       2.541004712994e-01 
       4.503926445983e-04       2.736012061151e-01 
       4.863227909323e-04       2.945916774635e-01 
       5.251192705226e-04       3.171839507856e-01 
       5.670107455699e-04       3.414980769100e-01 
       6.122441198393e-04       3.676625416293e-01 
       6.610859938837e-04       3.958147272857e-01 
       7.138242363583e-04       4.261013332057e-01 
       7.707696806873e-04       4.586787880842e-01 
       8.322579570814e-04       4.937136112814e-01 
       8.986514707061e-04       5.313826962070e-01 
       9.703415376577e-04       5.718735176798e-01 
       1.047750691338e-03       6.153841926246e-01 
       1.131335172818e-03       6.621233623120e-01 
       1.221587619877e-03       7.123098743652e-01 
       1.319039970550e-03       7.661721263788e-01 
       1.424266598317e-03       8.239547181306e-01 
       1.537887697396e-03       8.859012282825e-01 
       1.660572938097e-03       9.522589495764e-01 
       1.793045413791e-03       1.023280284738e+00 
       1.936085902737e-03       1.099216542130e+00 
       2.090537469909e-03       1.180313285063e+00 
       2.257310435923e-03       1.266804486839e+00 
       2.437387742372e-03       1.358905328497e+00 
       2.631830745176e-03       1.456803285988e+00 
       2.841785470091e-03       1.560647663080e+00 
       3.068489367268e-03       1.670537010625e+00 
       3.313278604643e-03       1.786505039693e+00 
       3.577595943165e-03       1.908504410178e+00 
       3.862999240274e-03       2.036389468824e+00 
       4.171170631739e-03       2.169898252871e+00 
       4.503926445983e-03       2.308634492040e+00 
       4.863227909323e-03       2.452050674843e+00 
       5.251192705226e-03       2.599434681193e+00 
       5.670107455699e-03       2.749901126507e+00 
       6.122441198393e-03       2.902390058343e+00 
       6.610859938837e-03       3.055671269804e+00 
       7.138242363583e-03       3.208360122757e+00 
       7.707696806873e-03       3.358926651186e+00 
       8.322579570814e-03       3.505726889581e+00 
       8.986514707061e-03       3.647012437398e+00 
       9.703415376577e-03       3.780926178684e+00 
       1.047750691338e-02       3.905492879730e+00 
       1.131335172818e-02       4.018589824682e+00 
       1.221587619877e-02       4.117902886886e+00 
       1.319039970550e-02       4.200917697722e+00 
       1.424266598317e-02       4.264943683898e+00 
       1.537887697392e-02       4.307219703728e+00 
       1.660572938023e-02       4.325062382721e+00 
       1.793045412706e-02       4.316060346832e+00 
       1.936085890181e-02       4.278228794645e+00 
       2.090537352463e-02       4.210204454602e+00 
       2.257309535333e-02       4.111418722509e+00 
       2.437382002918e-02       3.982420900852e+00 
       2.631799944462e-02       3.825168636808e+00 
       2.841644545389e-02       3.643282181272e+00 
       3.067933355377e-02       3.442198620926e+00 
       3.311368470740e-02       3.229241492870e+00 
       3.571840443502e-02       3.013516200673e+00 
       3.847720348444e-02       2.805283781272e+00 
       4.135335538431e-02       2.614410473589e+00 
       4.429361667738e-02       2.448131958843e+00 
       4.724366439141e-02       2.309240396415e+00 
       5.016480835311e-02       2.196114886034e+00 
       5.303989620246e-02       2.104369388252e+00 
       5.586870669566e-02       2.028462090573e+00 
       5.866042680613e-02       1.963154778020e+00 
       6.142798932958e-02       1.903779147998e+00 
       6.418496440164e-02       1.846478622818e+00 
       6.694418833788e-02       1.788196861604e+00 
       6.971731106057e-02       1.726715035708e+00 
       7.251476155766e-02       1.660653728817e+00 
       7.534587671527e-02       1.589469887934e+00 
       7.821907666265e-02       1.513436660752e+00 
       8.114203772912e-02       1.433568825551e+00 
       8.412184535029e-02       1.351492207603e+00 
       8.716512279304e-02       1.269272959790e+00 
       9.027813695930e-02       1.189192419518e+00 
       9.346688431697e-02       1.113500377784e+00 
       9.673716028276e-02       1.044173671757e+00 
       1.000946150830e-01       9.827051684034e-01 
       1.035447986537e-01       9.299355852068e-01 
       1.070931966762e-01       8.859576536639e-01 
       1.107452594425e-01       8.500702215421e-01 
       1.145064249153e-01       8.208024003917e-01 
       1.183821370918e-01       7.960232090988e-01 
       1.223778605862e-01       7.731444941210e-01 
       1.264990921987e-01       7.494507362773e-01 
       1.307513701367e-01       7.225557247546e-01 
       1.351402814784e-01       6.909070116535e-01 
       1.396714684203e-01       6.541792185708e-01 
       1.443506338194e-01       6.134247217541e-01 
       1.491835465229e-01       5.708658638977e-01 
       1.541760469708e-01       5.293612557548e-01 
       1.593340535561e-01       4.917089497008e-01 
       1.646635702297e-01       4.599177903254e-01 
       1.701706958456e-01       4.347257685103e-01 
       1.758616357459e-01       4.154059446465e-01 
       1.817427160982e-01       3.999345851533e-01 
       1.878204015065e-01       3.856800179348e-01 
       1.941013164283e-01       3.698065866535e-01 
       2.005922709503e-01       3.505435754454e-01 
       2.073002914972e-01       3.280401496714e-01 
       2.142326570816e-01       3.042105367696e-01 
       2.213969417533e-01       2.816093530922e-01 
       2.288010639706e-01       2.622539153768e-01 
       2.364533437147e-01       2.469587695429e-01 
       2.443625682930e-01       2.350095755715e-01 
       2.525380679504e-01       2.244143183202e-01 
       2.609898026346e-01       2.130902021988e-01 
       2.697284615565e-01       2.000981891766e-01 
       2.787655775689e-01       1.860160538479e-01 
       2.881136588829e-01       1.725134338734e-01 
       2.977863412677e-01       1.610621440953e-01 
       3.077985646929e-01       1.517568548279e-01 
       3.181667794071e-01       1.435551482212e-01 
       3.289091877812e-01       1.351771922065e-01 
       3.400460299658e-01       1.261597809650e-01 
       3.515999236474e-01       1.171974416845e-01 
       3.635962711085e-01       1.091724988452e-01 
       3.760637506334e-01       1.023048738478e-01 
       3.890349143879e-01       9.593287356883e-02 
       4.025469216825e-01       8.950277674491e-02 
       4.166424456376e-01       8.310673840308e-02 
       4.313708035863e-01       7.721038560250e-02 
       4.467893782977e-01       7.189535099555e-02 
       4.629654199664e-01       6.686369126981e-02 
       4.799783501994e-01       6.191208345013e-02 
       4.979227319373e-01       5.721666626267e-02 
       5.169121270864e-01       5.289721040406e-02 
       5.370841404489e-01       4.876401498346e-02 
       5.586070464571e-01       4.478483786479e-02 
       5.816885094930e-01       4.104590607340e-02 
       6.065870144995e-01       3.748381577121e-02 
       6.336266468475e-01       3.407011330292e-02 
       6.632156059511e-01       3.082830203761e-02 
       6.958678639263e-01       2.772188323783e-02 
       7.322247985589e-01       2.476050459658e-02 
       7.730680195114e-01       2.193284422891e-02 
       8.193049553677e-01       1.924925352607e-02 
       8.718988016039e-01       1.672225973858e-02 
       9.317218031082e-01       1.437704123329e-02 
       9.993660908989e-01       1.224339549938e-02 
       1.075037110174e+00       1.034522205455e-02 
       1.158653485707e+00       8.692171115521e-03 
       1.250099157308e+00       7.276907419168e-03 
       1.349432401273e+00       6.077655284788e-03 
       1.456947457397e+00       5.067800880264e-03 
       1.573135111331e+00       4.220274798792e-03 
       1.698621895592e+00       3.510417387568e-03 
       1.834127512934e+00       2.916774304970e-03 
       1.980444934528e+00       2.420890096334e-03 
       2.138435191726e+00       2.007155350995e-03 
       2.309029199186e+00       1.662376044484e-03 
       2.493232377687e+00       1.375347490722e-03 
       2.692130395285e+00       1.136655053353e-03 
       2.906895534573e+00       9.383684120762e-04 
       3.138793597714e+00       7.737930036362e-04 
       3.389191366484e+00       6.373326329733e-04 
       3.659564657905e+00       5.242942302592e-04 
       3.951507022538e+00       4.307366684580e-04 
       4.266739136701e+00       3.533839838384e-04 
       4.607118943941e+00       2.894774009747e-04 
       4.974652605557e+00       2.367306466024e-04 
       5.371506324689e+00       1.932360954804e-04 
       5.800019113685e+00       1.574049986752e-04 
       6.262716579983e+00       1.279152185339e-04 
       6.762325811764e+00       1.036702937054e-04 
       7.301791451110e+00       8.376103094641e-05 
       7.884293049406e+00       6.743418237702e-05 
       8.513263807261e+00       5.406448493526e-05 
       9.192410809424e+00       4.313573871280e-05 
       9.925736873929e+00       3.422056932620e-05 
       1.071756414427e+01       2.696714919485e-05 
       1.157255956364e+01       2.108308052855e-05 
       1.249576238137e+01       1.632882205756e-05 
       1.349261385375e+01       1.250492023683e-05 
       1.456898931416e+01       9.448756726567e-06 
       1.573123280165e+01       7.024179596928e-06 
       1.698619445202e+01       5.119354255575e-06 
       1.834127087176e+01       3.641164171592e-06 
       1.980444873285e+01       2.512202141737e-06 
       2.138435184532e+01       1.667092328393e-06 
       2.309029198506e+01       1.051460101609e-06 
       2.493232377636e+01       6.188297993302e-07 
       2.692130395282e+01       3.293996550596e-07 
       2.906895534573e+01       1.496741608185e-07 
       3.138793597714e+01       5.058461843528e-08 
       3.389191366484e+01       7.687192676913e-09 
       3.659564657905e+01       6.346164060720e-10 
       3.951507022538e+01       1.304553658751e-08 
       4.266739136701e+01       3.245370753075e-08 
       4.607118943941e+01       5.015023377051e-08 
       4.974652605557e+01       6.108579948063e-08 
       5.371506324689e+01       6.336037505105e-08 
       5.800019113685e+01       5.765019127120e-08 
       6.262716579983e+01       4.637538152064e-08 
       6.762325811764e+01       3.271598010063e-08 
       7.301791451110e+01       1.976562527436e-08 
       7.884293049406e+01       9.671469904866e-09 
       8.513263807261e+01       3.347770916947e-09 
       9.192410809424e+01       5.045999230414e-10 
       9.925736873929e+01       2.859098314566e-11 
       1.071756414427e+02       5.815953480212e-10 
       1.157255956364e+02       1.128653305347e-09 
       1.249576238137e+02       1.207031101031e-09 
       1.349261385375e+02       8.724058888239e-10 
