# Matter power spectrum P(k) at redshift z=99
# for k=1.04775e-05 to 67.6233 h/Mpc,
# number of wavenumbers equal to 246
#    1:k (h/Mpc)              2:P (Mpc/h)^3        
       1.047750691338e-05       7.261927673119e-03 
       1.131335172818e-05       7.820331745737e-03 
       1.221587619877e-05       8.421675986489e-03 
       1.319039970550e-05       9.069258192194e-03 
       1.424266598317e-05       9.766638404421e-03 
       1.537887697396e-05       1.051764069682e-02 
       1.660572938097e-05       1.132639105520e-02 
       1.793045413791e-05       1.219733231416e-02 
       1.936085902737e-05       1.313524224380e-02 
       2.090537469909e-05       1.414527121893e-02 
       2.257310435923e-05       1.523296272192e-02 
       2.437387742372e-05       1.640429444530e-02 
       2.631830745176e-05       1.766569582177e-02 
       2.841785470091e-05       1.902408601793e-02 
       3.068489367268e-05       2.048692970591e-02 
       3.313278604643e-05       2.206225513594e-02 
       3.577595943165e-05       2.375870704909e-02 
       3.862999240274e-05       2.558560727479e-02 
       4.171170631739e-05       2.755297763344e-02 
       4.503926445983e-05       2.967161927316e-02 
       4.863227909323e-05       3.195316450832e-02 
       5.251192705226e-05       3.441013519284e-02 
       5.670107455699e-05       3.705601722529e-02 
       6.122441198393e-05       3.990533413562e-02 
       6.610859938837e-05       4.297372168203e-02 
       7.138242363583e-05       4.627802141688e-02 
       7.707696806873e-05       4.983636194159e-02 
       8.322579570814e-05       5.366826847231e-02 
       8.986514707061e-05       5.779476394569e-02 
       9.703415376577e-05       6.223848243885e-02 
       1.047750691338e-04       6.702379865640e-02 
       1.131335172818e-04       7.217695153381e-02 
       1.221587619877e-04       7.772619073573e-02 
       1.319039970550e-04       8.370193432376e-02 
       1.424266598317e-04       9.013692507548e-02 
       1.537887697396e-04       9.706641242570e-02 
       1.660572938097e-04       1.045283354271e-01 
       1.793045413791e-04       1.125635349068e-01 
       1.936085902737e-04       1.212159614968e-01 
       2.090537469909e-04       1.305329132714e-01 
       2.257310435923e-04       1.405652846215e-01 
       2.437387742372e-04       1.513678302540e-01 
       2.631830745176e-04       1.629994504871e-01 
       2.841785470091e-04       1.755234921224e-01 
       3.068489367268e-04       1.890080670413e-01 
       3.313278604643e-04       2.035264002435e-01 
       3.577595943165e-04       2.191571803681e-01 
       3.862999240274e-04       2.359849437594e-01 
       4.171170631739e-04       2.541004741539e-01 
       4.503926445983e-04       2.736012080277e-01 
       4.863227909323e-04       2.945916790965e-01 
       5.251192705226e-04       3.171839525182e-01 
       5.670107455699e-04       3.414980764002e-01 
       6.122441198393e-04       3.676625413100e-01 
       6.610859938837e-04       3.958147252303e-01 
       7.138242363583e-04       4.261013284920e-01 
       7.707696806873e-04       4.586787792353e-01 
       8.322579570814e-04       4.937136001343e-01 
       8.986514707061e-04       5.313826801402e-01 
       9.703415376577e-04       5.718734972157e-01 
       1.047750691338e-03       6.153841629505e-01 
       1.131335172818e-03       6.621233239465e-01 
       1.221587619877e-03       7.123098220427e-01 
       1.319039970550e-03       7.661720584219e-01 
       1.424266598317e-03       8.239546297731e-01 
       1.537887697396e-03       8.859011173466e-01 
       1.660572938097e-03       9.522588006421e-01 
       1.793045413791e-03       1.023280099819e+00 
       1.936085902737e-03       1.099216304579e+00 
       2.090537469909e-03       1.180312990454e+00 
       2.257310435923e-03       1.266804115851e+00 
       2.437387742372e-03       1.358904853405e+00 
       2.631830745176e-03       1.456802683156e+00 
       2.841785470091e-03       1.560646890522e+00 
       3.068489367268e-03       1.670536062501e+00 
       3.313278604643e-03       1.786503852157e+00 
       3.577595943165e-03       1.908502930789e+00 
       3.862999240274e-03       2.036387730709e+00 
       4.171170631739e-03       2.169896178829e+00 
       4.503926445983e-03       2.308631878994e+00 
       4.863227909323e-03       2.452047290962e+00 
       5.251192705226e-03       2.599430628088e+00 
       5.670107455699e-03       2.749896931791e+00 
       6.122441198393e-03       2.902386513383e+00 
       6.610859938837e-03       3.055668696733e+00 
       7.138242363583e-03       3.208356461543e+00 
       7.707696806873e-03       3.358923893476e+00 
       8.322579570814e-03       3.505725595216e+00 
       8.986514707061e-03       3.647009623067e+00 
       9.703415376577e-03       3.780923304307e+00 
       1.047750691338e-02       3.905491069310e+00 
       1.131335172818e-02       4.018588278982e+00 
       1.221587619877e-02       4.117901586713e+00 
       1.319039970550e-02       4.200915328145e+00 
       1.424266598317e-02       4.264941432837e+00 
       1.537887697392e-02       4.307218868519e+00 
       1.660572938023e-02       4.325062793038e+00 
       1.793045412706e-02       4.316059407173e+00 
       1.936085890181e-02       4.278229332644e+00 
       2.090537352463e-02       4.210202447168e+00 
       2.257309535333e-02       4.111424176213e+00 
       2.437382002918e-02       3.982428200706e+00 
       2.631799944462e-02       3.825168111299e+00 
       2.841644545389e-02       3.643272733646e+00 
       3.067933355377e-02       3.442196750257e+00 
       3.311368470740e-02       3.229235291320e+00 
       3.571840443502e-02       3.013521316313e+00 
       3.847720348444e-02       2.805281581445e+00 
       4.135335538431e-02       2.614411239501e+00 
       4.429361667738e-02       2.448131778299e+00 
       4.724366439141e-02       2.309237766212e+00 
       5.016480835311e-02       2.196112586450e+00 
       5.303989620246e-02       2.104365730679e+00 
       5.586870669566e-02       2.028457366476e+00 
       5.866042680613e-02       1.963161152890e+00 
       6.142798932958e-02       1.903781631394e+00 
       6.418496440164e-02       1.846478038992e+00 
       6.694418833788e-02       1.788198000965e+00 
       6.971731106057e-02       1.726714643592e+00 
       7.251476155766e-02       1.660651358583e+00 
       7.534587671527e-02       1.589469192407e+00 
       7.821907666265e-02       1.513438277129e+00 
       8.114203772912e-02       1.433565941708e+00 
       8.412184535029e-02       1.351488379206e+00 
       8.716512279304e-02       1.269276364847e+00 
       9.027813695930e-02       1.189194114432e+00 
       9.346688431697e-02       1.113500615528e+00 
       9.673716028276e-02       1.044177733695e+00 
       1.000946150830e-01       9.827064642479e-01 
       1.035447986537e-01       9.299351722426e-01 
       1.070931966762e-01       8.859601689820e-01 
       1.107452594425e-01       8.500713978029e-01 
       1.145064249153e-01       8.208049544136e-01 
       1.183821370918e-01       7.960276098001e-01 
       1.223778605862e-01       7.731474453114e-01 
       1.264990921987e-01       7.494510837094e-01 
       1.307513701367e-01       7.225584412885e-01 
       1.351402814784e-01       6.909086551799e-01 
       1.396714684203e-01       6.541805681933e-01 
       1.443506338194e-01       6.134266162588e-01 
       1.491835465229e-01       5.708677565332e-01 
       1.541760469708e-01       5.293641826196e-01 
       1.593340535561e-01       4.917112089286e-01 
       1.646635702297e-01       4.599199891503e-01 
       1.701706958456e-01       4.347292289865e-01 
       1.758616357459e-01       4.154077044418e-01 
       1.817427160982e-01       3.999366522462e-01 
       1.878204015065e-01       3.856819452398e-01 
       1.941013164283e-01       3.698096356106e-01 
       2.005922709503e-01       3.505460179087e-01 
       2.073002914972e-01       3.280428383448e-01 
       2.142326570816e-01       3.042137666692e-01 
       2.213969417533e-01       2.816119442716e-01 
       2.288010639706e-01       2.622578077346e-01 
       2.364533437147e-01       2.469622148097e-01 
       2.443625682930e-01       2.350129305626e-01 
       2.525380679504e-01       2.244176061314e-01 
       2.609898026346e-01       2.130937908742e-01 
       2.697284615565e-01       2.001014181288e-01 
       2.787655775689e-01       1.860206926576e-01 
       2.881136588829e-01       1.725172415237e-01 
       2.977863412677e-01       1.610662270493e-01 
       3.077985646929e-01       1.517608959136e-01 
       3.181667794071e-01       1.435592642326e-01 
       3.289091877812e-01       1.351816555713e-01 
       3.400460299658e-01       1.261645314188e-01 
       3.515999236474e-01       1.172018350266e-01 
       3.635962711085e-01       1.091767319142e-01 
       3.760637506334e-01       1.023094841745e-01 
       3.890349143879e-01       9.593776100127e-02 
       4.025469216825e-01       8.950794734268e-02 
       4.166424456376e-01       8.311202885455e-02 
       4.313708035863e-01       7.721576369913e-02 
       4.467893782977e-01       7.190052953670e-02 
       4.629654199664e-01       6.686897047585e-02 
       4.799783501994e-01       6.191764532450e-02 
       4.979227319373e-01       5.722237071345e-02 
       5.169121270864e-01       5.290300653015e-02 
       5.370841404489e-01       4.876972502213e-02 
       5.586070464571e-01       4.479097877546e-02 
       5.816885094930e-01       4.105187731568e-02 
       6.065870144995e-01       3.748985707240e-02 
       6.336266468475e-01       3.407628381027e-02 
       6.632156059511e-01       3.083459111549e-02 
       6.958678639263e-01       2.772833611324e-02 
       7.322247985589e-01       2.476705431773e-02 
       7.730680195114e-01       2.193959246886e-02 
       8.193049553677e-01       1.925618761149e-02 
       8.718988016039e-01       1.672928294184e-02 
       9.317218031082e-01       1.438420088459e-02 
       9.993660908989e-01       1.225069177041e-02 
       1.075037110174e+00       1.035261237519e-02 
       1.158653485707e+00       8.699712637749e-03 
       1.250099157308e+00       7.284616423696e-03 
       1.349432401273e+00       6.085465117075e-03 
       1.456947457397e+00       5.075730804948e-03 
       1.573135111331e+00       4.228314889711e-03 
       1.698621895592e+00       3.518535077849e-03 
       1.834127512934e+00       2.924977219031e-03 
       1.980444934528e+00       2.429161817951e-03 
       2.138435191726e+00       2.015513761023e-03 
       2.309029199186e+00       1.670775357602e-03 
       2.493232377687e+00       1.383800679789e-03 
       2.692130395285e+00       1.145132611955e-03 
       2.906895534573e+00       9.468581055052e-04 
       3.138793597714e+00       7.822901916754e-04 
       3.389191366484e+00       6.458288132838e-04 
       3.659564657905e+00       5.327727539700e-04 
       3.951507022538e+00       4.391837653317e-04 
       4.266739136701e+00       3.617876259379e-04 
       4.607118943941e+00       2.978287322203e-04 
       4.974652605557e+00       2.450140118065e-04 
       5.371506324689e+00       2.014357691371e-04 
       5.800019113685e+00       1.655062734095e-04 
       6.262716579983e+00       1.359039046056e-04 
       6.762325811764e+00       1.115293083034e-04 
       7.301791451110e+00       9.147592065576e-05 
       7.884293049406e+00       7.498609818971e-05 
       8.513263807261e+00       6.143612829564e-05 
       9.192410809424e+00       5.030826958245e-05 
       9.925736873929e+00       4.117516232777e-05 
       1.071756414427e+01       3.368339378885e-05 
       1.157255956364e+01       2.754137525294e-05 
       1.249576238137e+01       2.250895344017e-05 
       1.349261385375e+01       1.838759318621e-05 
       1.456898931416e+01       1.501412550674e-05 
       1.573123280165e+01       1.225432567817e-05 
       1.698619445202e+01       9.997626399646e-06 
       1.834127087176e+01       8.153024858960e-06 
       1.980444873285e+01       6.646128994675e-06 
       2.138435184532e+01       5.415653041787e-06 
       2.309029198506e+01       4.411289309619e-06 
       2.493232377636e+01       3.591825766906e-06 
       2.692130395282e+01       2.923516090965e-06 
       2.906895534573e+01       2.378667810334e-06 
       3.138793597714e+01       1.934711666647e-06 
       3.389191366484e+01       1.573053236781e-06 
       3.659564657905e+01       1.278577479198e-06 
       3.951507022538e+01       1.038872301220e-06 
       4.266739136701e+01       8.438109222318e-07 
       4.607118943941e+01       6.851601796970e-07 
       4.974652605557e+01       5.561578822628e-07 
       5.371506324689e+01       4.512956493740e-07 
       5.800019113685e+01       3.660877906466e-07 
       6.262716579983e+01       2.968674605316e-07 
       6.762325811764e+01       2.406582649518e-07 
