# Matter power spectrum P(k) at redshift z=99
# for k=1.04775e-05 to 67.6233 h/Mpc,
# number of wavenumbers equal to 246
#    1:k (h/Mpc)              2:P (Mpc/h)^3        
       1.047750691338e-05       7.261927673119e-03 
       1.131335172818e-05       7.820331745737e-03 
       1.221587619877e-05       8.421675986489e-03 
       1.319039970550e-05       9.069258192194e-03 
       1.424266598317e-05       9.766638404421e-03 
       1.537887697396e-05       1.051764069682e-02 
       1.660572938097e-05       1.132639105520e-02 
       1.793045413791e-05       1.219733231416e-02 
       1.936085902737e-05       1.313524224380e-02 
       2.090537469909e-05       1.414527121893e-02 
       2.257310435923e-05       1.523296272192e-02 
       2.437387742372e-05       1.640429444530e-02 
       2.631830745176e-05       1.766569582178e-02 
       2.841785470091e-05       1.902408601793e-02 
       3.068489367268e-05       2.048692970591e-02 
       3.313278604643e-05       2.206225513594e-02 
       3.577595943165e-05       2.375870704909e-02 
       3.862999240274e-05       2.558560727479e-02 
       4.171170631739e-05       2.755297763344e-02 
       4.503926445983e-05       2.967161927316e-02 
       4.863227909323e-05       3.195316450832e-02 
       5.251192705226e-05       3.441013519284e-02 
       5.670107455699e-05       3.705601722530e-02 
       6.122441198393e-05       3.990533413561e-02 
       6.610859938837e-05       4.297372168203e-02 
       7.138242363583e-05       4.627802141688e-02 
       7.707696806873e-05       4.983636194159e-02 
       8.322579570814e-05       5.366826847231e-02 
       8.986514707061e-05       5.779476394569e-02 
       9.703415376577e-05       6.223848243885e-02 
       1.047750691338e-04       6.702379865640e-02 
       1.131335172818e-04       7.217695153381e-02 
       1.221587619877e-04       7.772619073571e-02 
       1.319039970550e-04       8.370193432376e-02 
       1.424266598317e-04       9.013692507547e-02 
       1.537887697396e-04       9.706641242570e-02 
       1.660572938097e-04       1.045283354271e-01 
       1.793045413791e-04       1.125635349068e-01 
       1.936085902737e-04       1.212159614968e-01 
       2.090537469909e-04       1.305329132714e-01 
       2.257310435923e-04       1.405652846215e-01 
       2.437387742372e-04       1.513678302540e-01 
       2.631830745176e-04       1.629994504871e-01 
       2.841785470091e-04       1.755234921224e-01 
       3.068489367268e-04       1.890080670413e-01 
       3.313278604643e-04       2.035264002435e-01 
       3.577595943165e-04       2.191571803681e-01 
       3.862999240274e-04       2.359849437593e-01 
       4.171170631739e-04       2.541004741539e-01 
       4.503926445983e-04       2.736012080277e-01 
       4.863227909323e-04       2.945916790965e-01 
       5.251192705226e-04       3.171839525182e-01 
       5.670107455699e-04       3.414980764002e-01 
       6.122441198393e-04       3.676625413100e-01 
       6.610859938837e-04       3.958147252304e-01 
       7.138242363583e-04       4.261013284915e-01 
       7.707696806873e-04       4.586787792354e-01 
       8.322579570814e-04       4.937136001348e-01 
       8.986514707061e-04       5.313826801402e-01 
       9.703415376577e-04       5.718734972158e-01 
       1.047750691338e-03       6.153841629505e-01 
       1.131335172818e-03       6.621233239465e-01 
       1.221587619877e-03       7.123098220426e-01 
       1.319039970550e-03       7.661720584294e-01 
       1.424266598317e-03       8.239546297729e-01 
       1.537887697396e-03       8.859011173466e-01 
       1.660572938097e-03       9.522588006420e-01 
       1.793045413791e-03       1.023280099819e+00 
       1.936085902737e-03       1.099216304579e+00 
       2.090537469909e-03       1.180312990453e+00 
       2.257310435923e-03       1.266804115849e+00 
       2.437387742372e-03       1.358904853405e+00 
       2.631830745176e-03       1.456802683156e+00 
       2.841785470091e-03       1.560646890522e+00 
       3.068489367268e-03       1.670536062500e+00 
       3.313278604643e-03       1.786503852157e+00 
       3.577595943165e-03       1.908502930788e+00 
       3.862999240274e-03       2.036387730709e+00 
       4.171170631739e-03       2.169896178747e+00 
       4.503926445983e-03       2.308631878994e+00 
       4.863227909323e-03       2.452047290962e+00 
       5.251192705226e-03       2.599430628088e+00 
       5.670107455699e-03       2.749896931785e+00 
       6.122441198393e-03       2.902386513384e+00 
       6.610859938837e-03       3.055668691312e+00 
       7.138242363583e-03       3.208356461545e+00 
       7.707696806873e-03       3.358923892381e+00 
       8.322579570814e-03       3.505725595096e+00 
       8.986514707061e-03       3.647009711131e+00 
       9.703415376577e-03       3.780923304295e+00 
       1.047750691338e-02       3.905491324236e+00 
       1.131335172818e-02       4.018587641147e+00 
       1.221587619877e-02       4.117901585241e+00 
       1.319039970550e-02       4.200915424922e+00 
       1.424266598317e-02       4.264943829225e+00 
       1.537887697392e-02       4.307216213906e+00 
       1.660572938023e-02       4.325062133838e+00 
       1.793045412706e-02       4.316056820184e+00 
       1.936085890181e-02       4.278229765674e+00 
       2.090537352463e-02       4.210201232754e+00 
       2.257309535333e-02       4.111424864630e+00 
       2.437382002918e-02       3.982424746173e+00 
       2.631799944462e-02       3.825164024792e+00 
       2.841644545389e-02       3.643285191552e+00 
       3.067933355377e-02       3.442206750203e+00 
       3.311368470740e-02       3.229238156131e+00 
       3.571840443502e-02       3.013517378252e+00 
       3.847720348444e-02       2.805283997460e+00 
       4.135335538431e-02       2.614418563988e+00 
       4.429361667738e-02       2.448131747849e+00 
       4.724366439141e-02       2.309235776369e+00 
       5.016480835311e-02       2.196114453297e+00 
       5.303989620246e-02       2.104364145559e+00 
       5.586870669566e-02       2.028463694518e+00 
       5.866042680613e-02       1.963153087394e+00 
       6.142798932958e-02       1.903781535123e+00 
       6.418496440164e-02       1.846478200033e+00 
       6.694418833788e-02       1.788200720114e+00 
       6.971731106057e-02       1.726716375386e+00 
       7.251476155766e-02       1.660653254343e+00 
       7.534587671527e-02       1.589471406640e+00 
       7.821907666265e-02       1.513437697608e+00 
       8.114203772912e-02       1.433564736369e+00 
       8.412184535029e-02       1.351490032869e+00 
       8.716512279304e-02       1.269273387764e+00 
       9.027813695930e-02       1.189193450410e+00 
       9.346688431697e-02       1.113501476277e+00 
       9.673716028276e-02       1.044175737759e+00 
       1.000946150830e-01       9.827066077045e-01 
       1.035447986537e-01       9.299454455463e-01 
       1.070931966762e-01       8.859591128883e-01 
       1.107452594425e-01       8.500707743853e-01 
       1.145064249153e-01       8.208037109451e-01 
       1.183821370918e-01       7.960257009883e-01 
       1.223778605862e-01       7.731452485037e-01 
       1.264990921987e-01       7.494514428340e-01 
       1.307513701367e-01       7.225589444294e-01 
       1.351402814784e-01       6.909085922409e-01 
       1.396714684203e-01       6.541818215725e-01 
       1.443506338194e-01       6.134266551025e-01 
       1.491835465229e-01       5.708671622359e-01 
       1.541760469708e-01       5.293641909040e-01 
       1.593340535561e-01       4.917110405602e-01 
       1.646635702297e-01       4.599199263638e-01 
       1.701706958456e-01       4.347289782253e-01 
       1.758616357459e-01       4.154082660232e-01 
       1.817427160982e-01       3.999375342417e-01 
       1.878204015065e-01       3.856824571486e-01 
       1.941013164283e-01       3.698095934862e-01 
       2.005922709503e-01       3.505463215705e-01 
       2.073002914972e-01       3.280431951274e-01 
       2.142326570816e-01       3.042143235632e-01 
       2.213969417533e-01       2.816120047967e-01 
       2.288010639706e-01       2.622568593765e-01 
       2.364533437147e-01       2.469623872759e-01 
       2.443625682930e-01       2.350135460749e-01 
       2.525380679504e-01       2.244173650050e-01 
       2.609898026346e-01       2.130936085756e-01 
       2.697284615565e-01       2.001014732769e-01 
       2.787655775689e-01       1.860198443883e-01 
       2.881136588829e-01       1.725174937044e-01 
       2.977863412677e-01       1.610663188148e-01 
       3.077985646929e-01       1.517609910211e-01 
       3.181667794071e-01       1.435596469990e-01 
       3.289091877812e-01       1.351816763005e-01 
       3.400460299658e-01       1.261641464718e-01 
       3.515999236474e-01       1.172019530168e-01 
       3.635962711085e-01       1.091770980448e-01 
       3.760637506334e-01       1.023092854607e-01 
       3.890349143879e-01       9.593788364886e-02 
       4.025469216825e-01       8.950769684962e-02 
       4.166424456376e-01       8.311166742906e-02 
       4.313708035863e-01       7.721547472471e-02 
       4.467893782977e-01       7.190079385320e-02 
       4.629654199664e-01       6.686926192521e-02 
       4.799783501994e-01       6.191743308536e-02 
       4.979227319373e-01       5.722232438904e-02 
       5.169121270864e-01       5.290289870230e-02 
       5.370841404489e-01       4.876985092275e-02 
       5.586070464571e-01       4.479100104729e-02 
       5.816885094930e-01       4.105182260044e-02 
       6.065870144995e-01       3.748987759086e-02 
       6.336266468475e-01       3.407633873650e-02 
       6.632156059511e-01       3.083465707388e-02 
       6.958678639263e-01       2.772839526328e-02 
       7.322247985589e-01       2.476714408726e-02 
       7.730680195114e-01       2.193952356100e-02 
       8.193049553677e-01       1.925612673616e-02 
       8.718988016039e-01       1.672928796886e-02 
       9.317218031082e-01       1.438420726499e-02 
       9.993660908989e-01       1.225063348598e-02 
       1.075037110174e+00       1.035263412422e-02 
       1.158653485707e+00       8.699750904793e-03 
       1.250099157308e+00       7.284593595104e-03 
       1.349432401273e+00       6.085480906619e-03 
       1.456947457397e+00       5.075725825970e-03 
       1.573135111331e+00       4.228310454647e-03 
       1.698621895592e+00       3.518554632033e-03 
       1.834127512934e+00       2.924983676029e-03 
       1.980444934528e+00       2.429170591046e-03 
       2.138435191726e+00       2.015512273829e-03 
       2.309029199186e+00       1.670781705079e-03 
       2.493232377687e+00       1.383792189171e-03 
       2.692130395285e+00       1.145125766622e-03 
       2.906895534573e+00       9.468591710599e-04 
       3.138793597714e+00       7.822890917711e-04 
       3.389191366484e+00       6.458211362666e-04 
       3.659564657905e+00       5.327720805312e-04 
       3.951507022538e+00       4.391864690232e-04 
       4.266739136701e+00       3.617904011118e-04 
       4.607118943941e+00       2.978294191084e-04 
       4.974652605557e+00       2.450128074449e-04 
       5.371506324689e+00       2.014362701586e-04 
       5.800019113685e+00       1.655071372232e-04 
       6.262716579983e+00       1.359041933973e-04 
       6.762325811764e+00       1.115303809492e-04 
       7.301791451110e+00       9.147565886238e-05 
       7.884293049406e+00       7.498657186975e-05 
       8.513263807261e+00       6.143594096638e-05 
       9.192410809424e+00       5.030800556381e-05 
       9.925736873929e+00       4.117484908417e-05 
       1.071756414427e+01       3.368343356474e-05 
       1.157255956364e+01       2.754149951307e-05 
       1.249576238137e+01       2.250897332987e-05 
       1.349261385375e+01       1.838761231727e-05 
       1.456898931416e+01       1.501411460056e-05 
       1.573123280165e+01       1.225434285745e-05 
       1.698619445202e+01       9.997693924609e-06 
       1.834127087176e+01       8.153040120173e-06 
       1.980444873285e+01       6.646242406191e-06 
       2.138435184532e+01       5.415696243644e-06 
       2.309029198506e+01       4.411346931235e-06 
       2.493232377636e+01       3.591849252640e-06 
       2.692130395282e+01       2.923539880852e-06 
       2.906895534573e+01       2.378751239834e-06 
       3.138793597714e+01       1.934772650797e-06 
       3.389191366484e+01       1.573105668329e-06 
       3.659564657905e+01       1.278609152038e-06 
       3.951507022538e+01       1.038917439991e-06 
       4.266739136701e+01       8.438605566759e-07 
       4.607118943941e+01       6.852059848217e-07 
       4.974652605557e+01       5.562039575367e-07 
       5.371506324689e+01       4.513402459896e-07 
       5.800019113685e+01       3.661291403433e-07 
       6.262716579983e+01       2.969115285654e-07 
       6.762325811764e+01       2.407045030725e-07 
