# Matter power spectrum P(k) at redshift z=99
# for k=1.04775e-05 to 134.926 h/Mpc,
# number of wavenumbers equal to 255
#    1:k (h/Mpc)              2:P (Mpc/h)^3        
       1.047750691338e-05       7.261927096528e-03 
       1.131335172818e-05       7.820332152094e-03 
       1.221587619877e-05       8.421675383772e-03 
       1.319039970550e-05       9.069257739555e-03 
       1.424266598317e-05       9.766636452797e-03 
       1.537887697396e-05       1.051763973821e-02 
       1.660572938097e-05       1.132639250946e-02 
       1.793045413791e-05       1.219733201718e-02 
       1.936085902737e-05       1.313524187428e-02 
       2.090537469909e-05       1.414527085220e-02 
       2.257310435923e-05       1.523296544754e-02 
       2.437387742372e-05       1.640429654923e-02 
       2.631830745176e-05       1.766569603590e-02 
       2.841785470091e-05       1.902408711490e-02 
       3.068489367268e-05       2.048692967798e-02 
       3.313278604643e-05       2.206225467930e-02 
       3.577595943165e-05       2.375870884263e-02 
       3.862999240274e-05       2.558560670265e-02 
       4.171170631739e-05       2.755297672984e-02 
       4.503926445983e-05       2.967161933926e-02 
       4.863227909323e-05       3.195316456209e-02 
       5.251192705226e-05       3.441013466729e-02 
       5.670107455699e-05       3.705601742344e-02 
       6.122441198393e-05       3.990533413527e-02 
       6.610859938837e-05       4.297372243275e-02 
       7.138242363583e-05       4.627802055652e-02 
       7.707696806873e-05       4.983636160750e-02 
       8.322579570814e-05       5.366826787859e-02 
       8.986514707061e-05       5.779476320731e-02 
       9.703415376577e-05       6.223848222909e-02 
       1.047750691338e-04       6.702379826176e-02 
       1.131335172818e-04       7.217695032322e-02 
       1.221587619877e-04       7.772619031700e-02 
       1.319039970550e-04       8.370193381481e-02 
       1.424266598317e-04       9.013692508216e-02 
       1.537887697396e-04       9.706641132066e-02 
       1.660572938097e-04       1.045283343290e-01 
       1.793045413791e-04       1.125635329378e-01 
       1.936085902737e-04       1.212159592517e-01 
       2.090537469909e-04       1.305329107659e-01 
       2.257310435923e-04       1.405652819600e-01 
       2.437387742372e-04       1.513678275334e-01 
       2.631830745176e-04       1.629994475410e-01 
       2.841785470091e-04       1.755234890775e-01 
       3.068489367268e-04       1.890080645617e-01 
       3.313278604643e-04       2.035263977772e-01 
       3.577595943165e-04       2.191571778409e-01 
       3.862999240274e-04       2.359849423649e-01 
       4.171170631739e-04       2.541004713416e-01 
       4.503926445983e-04       2.736012061600e-01 
       4.863227909323e-04       2.945916775111e-01 
       5.251192705226e-04       3.171839508358e-01 
       5.670107455699e-04       3.414980769629e-01 
       6.122441198393e-04       3.676625416847e-01 
       6.610859938837e-04       3.958147273435e-01 
       7.138242363583e-04       4.261013332656e-01 
       7.707696806873e-04       4.586787881458e-01 
       8.322579570814e-04       4.937136113440e-01 
       8.986514707061e-04       5.313826962698e-01 
       9.703415376577e-04       5.718735177417e-01 
       1.047750691338e-03       6.153841926838e-01 
       1.131335172818e-03       6.621233623666e-01 
       1.221587619877e-03       7.123098744125e-01 
       1.319039970550e-03       7.661721264153e-01 
       1.424266598317e-03       8.239547181487e-01 
       1.537887697396e-03       8.859012282732e-01 
       1.660572938097e-03       9.522589495296e-01 
       1.793045413791e-03       1.023280284641e+00 
       1.936085902737e-03       1.099216541965e+00 
       2.090537469909e-03       1.180313284811e+00 
       2.257310435923e-03       1.266804486471e+00 
       2.437387742372e-03       1.358905327981e+00 
       2.631830745176e-03       1.456803285280e+00 
       2.841785470091e-03       1.560647662126e+00 
       3.068489367268e-03       1.670537009356e+00 
       3.313278604643e-03       1.786505038023e+00 
       3.577595943165e-03       1.908504408001e+00 
       3.862999240274e-03       2.036389466004e+00 
       4.171170631739e-03       2.169898249242e+00 
       4.503926445983e-03       2.308634487392e+00 
       4.863227909323e-03       2.452050668916e+00 
       5.251192705226e-03       2.599434673668e+00 
       5.670107455699e-03       2.749901116977e+00 
       6.122441198393e-03       2.902390046324e+00 
       6.610859938837e-03       3.055671373683e+00 
       7.138242363583e-03       3.208360219599e+00 
       7.707696806873e-03       3.358926663310e+00 
       8.322579570814e-03       3.505728053947e+00 
       8.986514707061e-03       3.647011074728e+00 
       9.703415376577e-03       3.780925940392e+00 
       1.047750691338e-02       3.905492824760e+00 
       1.131335172818e-02       4.018589542402e+00 
       1.221587619877e-02       4.117902797122e+00 
       1.319039970550e-02       4.200917659290e+00 
       1.424266598317e-02       4.264943603472e+00 
       1.537887697392e-02       4.307219473862e+00 
       1.660572938023e-02       4.325062212726e+00 
       1.793045412706e-02       4.316060091834e+00 
       1.936085890181e-02       4.278228540828e+00 
       2.090537352463e-02       4.210204141723e+00 
       2.257309535333e-02       4.111418246922e+00 
       2.437382002918e-02       3.982420355037e+00 
       2.631799944462e-02       3.825167957830e+00 
       2.841644545389e-02       3.643281410977e+00 
       3.067933355377e-02       3.442197648189e+00 
       3.311368470740e-02       3.229240283082e+00 
       3.571840443502e-02       3.013514792370e+00 
       3.847720348444e-02       2.805282102373e+00 
       4.135335538431e-02       2.614408490990e+00 
       4.429361667738e-02       2.448129619781e+00 
       4.724366439141e-02       2.309237668022e+00 
       5.016480835311e-02       2.196111762176e+00 
       5.303989620246e-02       2.104365940050e+00 
       5.586870669566e-02       2.028458153222e+00 
       5.866042680613e-02       1.963150313899e+00 
       6.142798932958e-02       1.903774115137e+00 
       6.418496440164e-02       1.846472978014e+00 
       6.694418833788e-02       1.788190566863e+00 
       6.971731106057e-02       1.726708047192e+00 
       7.251476155766e-02       1.660646000121e+00 
       7.534587671527e-02       1.589460651897e+00 
       7.821907666265e-02       1.513426563630e+00 
       8.114203772912e-02       1.433557907106e+00 
       8.412184535029e-02       1.351480545435e+00 
       8.716512279304e-02       1.269261087445e+00 
       9.027813695930e-02       1.189179680154e+00 
       9.346688431697e-02       1.113486323099e+00 
       9.673716028276e-02       1.044159099695e+00 
       1.000946150830e-01       9.826896441277e-01 
       1.035447986537e-01       9.299193298568e-01 
       1.070931966762e-01       8.859399572631e-01 
       1.107452594425e-01       8.500507586739e-01 
       1.145064249153e-01       8.207829995103e-01 
       1.183821370918e-01       7.960015680431e-01 
       1.223778605862e-01       7.731215393190e-01 
       1.264990921987e-01       7.494252078961e-01 
       1.307513701367e-01       7.225297530547e-01 
       1.351402814784e-01       6.908799471744e-01 
       1.396714684203e-01       6.541509035933e-01 
       1.443506338194e-01       6.133945865350e-01 
       1.491835465229e-01       5.708335712299e-01 
       1.541760469708e-01       5.293271060381e-01 
       1.593340535561e-01       4.916716688930e-01 
       1.646635702297e-01       4.598790769389e-01 
       1.701706958456e-01       4.346848483083e-01 
       1.758616357459e-01       4.153622727099e-01 
       1.817427160982e-01       3.998878919130e-01 
       1.878204015065e-01       3.856337489070e-01 
       1.941013164283e-01       3.697564494995e-01 
       2.005922709503e-01       3.504904221729e-01 
       2.073002914972e-01       3.279855935290e-01 
       2.142326570816e-01       3.041509510234e-01 
       2.213969417533e-01       2.815456453120e-01 
       2.288010639706e-01       2.621879838283e-01 
       2.364533437147e-01       2.468895582133e-01 
       2.443625682930e-01       2.349368239170e-01 
       2.525380679504e-01       2.243396843941e-01 
       2.609898026346e-01       2.130102958289e-01 
       2.697284615565e-01       2.000138919907e-01 
       2.787655775689e-01       1.859272519961e-01 
       2.881136588829e-01       1.724206083936e-01 
       2.977863412677e-01       1.609651284122e-01 
       3.077985646929e-01       1.516552732105e-01 
       3.181667794071e-01       1.434485202998e-01 
       3.289091877812e-01       1.350657479062e-01 
       3.400460299658e-01       1.260432890226e-01 
       3.515999236474e-01       1.170752911015e-01 
       3.635962711085e-01       1.090448245266e-01 
       3.760637506334e-01       1.021713276023e-01 
       3.890349143879e-01       9.579341426133e-02 
       4.025469216825e-01       8.935697801362e-02 
       4.166424456376e-01       8.295436749098e-02 
       4.313708035863e-01       7.705133401662e-02 
       4.467893782977e-01       7.172903930036e-02 
       4.629654199664e-01       6.668989281767e-02 
       4.799783501994e-01       6.173054165114e-02 
       4.979227319373e-01       5.702698764749e-02 
       5.169121270864e-01       5.269880568978e-02 
       5.370841404489e-01       4.855646752650e-02 
       5.586070464571e-01       4.456783119414e-02 
       5.816885094930e-01       4.081847354449e-02 
       6.065870144995e-01       3.724543104425e-02 
       6.336266468475e-01       3.381981171614e-02 
       6.632156059511e-01       3.056545280309e-02 
       6.958678639263e-01       2.744526741283e-02 
       7.322247985589e-01       2.446888816946e-02 
       7.730680195114e-01       2.162470104412e-02 
       8.193049553677e-01       1.892289103857e-02 
       8.718988016039e-01       1.637587973368e-02 
       9.317218031082e-01       1.400878326418e-02 
       9.993660908989e-01       1.185146393620e-02 
       1.075037110174e+00       9.928391669748e-03 
       1.158653485707e+00       8.249765894900e-03 
       1.250099157308e+00       6.808764279732e-03 
       1.349432401273e+00       5.584246122504e-03 
       1.456947457397e+00       4.550248280498e-03 
       1.573135111331e+00       3.680211889336e-03 
       1.698621895592e+00       2.950299584991e-03 
       1.834127512934e+00       2.339673890194e-03 
       1.980444934528e+00       1.830766698564e-03 
       2.138435191726e+00       1.408919565670e-03 
       2.309029199186e+00       1.061743497226e-03 
       2.493232377687e+00       7.790202177635e-04 
       2.692130395285e+00       5.520992383197e-04 
       2.906895534573e+00       3.736923435243e-04 
       3.138793597714e+00       2.374716642753e-04 
       3.389191366484e+00       1.377816512345e-04 
       3.659564657905e+00       6.934547004831e-05 
       3.951507022538e+00       2.703318761862e-05 
       4.266739136701e+00       5.674881938240e-06 
       4.607118943941e+00       7.819693055459e-09 
       4.974652605557e+00       4.729781052048e-06 
       5.371506324689e+00       1.472336299602e-05 
       5.800019113685e+00       2.541691692014e-05 
       6.262716579983e+00       3.322044149160e-05 
       6.762325811764e+00       3.599510113260e-05 
       7.301791451110e+00       3.324285750024e-05 
       7.884293049406e+00       2.614271367883e-05 
       8.513263807261e+00       1.700814370712e-05 
       9.192410809424e+00       8.507587355123e-06 
       9.925736873929e+00       2.669911750930e-06 
       1.071756414427e+01       1.862386049147e-07 
       1.157255956364e+01       2.969512165448e-07 
       1.249576238137e+01       1.403277524589e-06 
       1.349261385375e+01       2.058151762716e-06 
       1.456898931416e+01       1.737764674493e-06 
       1.573123280165e+01       8.735603138275e-07 
       1.698619445202e+01       1.901648074902e-07 
       1.834127087176e+01       1.799820473916e-10 
       1.980444873285e+01       8.454540537455e-08 
       2.138435184532e+01       1.230706093309e-07 
       2.309029198506e+01       5.932645120162e-08 
       2.493232377636e+01       5.420261506793e-09 
       2.692130395282e+01       2.509782367254e-09 
       2.906895534573e+01       6.769569276917e-09 
       3.138793597714e+01       1.911206068580e-09 
       3.389191366484e+01       4.438351513266e-13 
       3.659564657905e+01       3.830193825655e-10 
       3.951507022538e+01       4.910323901538e-11 
       4.266739136701e+01       6.067771134606e-12 
       4.607118943941e+01       2.469583963746e-12 
       4.974652605557e+01       2.363521428027e-13 
       5.371506324689e+01       2.095888604774e-13 
       5.800019113685e+01       1.448783046925e-13 
       6.262716579983e+01       1.932461052155e-13 
       6.762325811764e+01       4.448394210013e-14 
       7.301791451110e+01       4.775929194799e-14 
       7.884293049406e+01       5.651845315898e-14 
       8.513263807261e+01       1.403084619165e-15 
       9.192410809424e+01       4.860582455266e-13 
       9.925736873929e+01       9.578151055001e-13 
       1.071756414427e+02       7.191687921815e-14 
       1.157255956364e+02       4.593811446955e-13 
       1.249576238137e+02       4.677135508388e-13 
       1.349261385375e+02       9.974057630382e-14 
