# Matter power spectrum P(k) at redshift z=99
# for k=1.04775e-05 to 134.926 h/Mpc,
# number of wavenumbers equal to 255
#    1:k (h/Mpc)              2:P (Mpc/h)^3        
       1.047750691338e-05       7.261927095217e-03 
       1.131335172818e-05       7.820332150682e-03 
       1.221587619877e-05       8.421675382251e-03 
       1.319039970550e-05       9.069257737918e-03 
       1.424266598317e-05       9.766636451034e-03 
       1.537887697396e-05       1.051763973631e-02 
       1.660572938097e-05       1.132639250741e-02 
       1.793045413791e-05       1.219733201497e-02 
       1.936085902737e-05       1.313524187191e-02 
       2.090537469909e-05       1.414527084965e-02 
       2.257310435923e-05       1.523296544479e-02 
       2.437387742372e-05       1.640429654627e-02 
       2.631830745176e-05       1.766569603272e-02 
       2.841785470091e-05       1.902408711147e-02 
       3.068489367268e-05       2.048692967428e-02 
       3.313278604643e-05       2.206225467531e-02 
       3.577595943165e-05       2.375870883834e-02 
       3.862999240274e-05       2.558560669803e-02 
       4.171170631739e-05       2.755297672487e-02 
       4.503926445983e-05       2.967161933391e-02 
       4.863227909323e-05       3.195316455632e-02 
       5.251192705226e-05       3.441013466109e-02 
       5.670107455699e-05       3.705601741675e-02 
       6.122441198393e-05       3.990533412806e-02 
       6.610859938837e-05       4.297372242499e-02 
       7.138242363583e-05       4.627802054816e-02 
       7.707696806873e-05       4.983636159850e-02 
       8.322579570814e-05       5.366826786893e-02 
       8.986514707061e-05       5.779476319690e-02 
       9.703415376577e-05       6.223848221790e-02 
       1.047750691338e-04       6.702379824972e-02 
       1.131335172818e-04       7.217695031027e-02 
       1.221587619877e-04       7.772619030305e-02 
       1.319039970550e-04       8.370193379980e-02 
       1.424266598317e-04       9.013692506603e-02 
       1.537887697396e-04       9.706641130331e-02 
       1.660572938097e-04       1.045283343104e-01 
       1.793045413791e-04       1.125635329178e-01 
       1.936085902737e-04       1.212159592302e-01 
       2.090537469909e-04       1.305329107427e-01 
       2.257310435923e-04       1.405652819352e-01 
       2.437387742372e-04       1.513678275067e-01 
       2.631830745176e-04       1.629994475124e-01 
       2.841785470091e-04       1.755234890469e-01 
       3.068489367268e-04       1.890080645289e-01 
       3.313278604643e-04       2.035263977421e-01 
       3.577595943165e-04       2.191571778034e-01 
       3.862999240274e-04       2.359849423249e-01 
       4.171170631739e-04       2.541004712991e-01 
       4.503926445983e-04       2.736012061148e-01 
       4.863227909323e-04       2.945916774631e-01 
       5.251192705226e-04       3.171839507852e-01 
       5.670107455699e-04       3.414980769096e-01 
       6.122441198393e-04       3.676625416288e-01 
       6.610859938837e-04       3.958147272852e-01 
       7.138242363583e-04       4.261013332051e-01 
       7.707696806873e-04       4.586787880836e-01 
       8.322579570814e-04       4.937136112808e-01 
       8.986514707061e-04       5.313826962064e-01 
       9.703415376577e-04       5.718735176792e-01 
       1.047750691338e-03       6.153841926239e-01 
       1.131335172818e-03       6.621233623113e-01 
       1.221587619877e-03       7.123098743646e-01 
       1.319039970550e-03       7.661721263782e-01 
       1.424266598317e-03       8.239547181300e-01 
       1.537887697396e-03       8.859012282819e-01 
       1.660572938097e-03       9.522589495760e-01 
       1.793045413791e-03       1.023280284738e+00 
       1.936085902737e-03       1.099216542130e+00 
       2.090537469909e-03       1.180313285064e+00 
       2.257310435923e-03       1.266804486840e+00 
       2.437387742372e-03       1.358905328500e+00 
       2.631830745176e-03       1.456803285993e+00 
       2.841785470091e-03       1.560647663087e+00 
       3.068489367268e-03       1.670537010636e+00 
       3.313278604643e-03       1.786505039708e+00 
       3.577595943165e-03       1.908504410200e+00 
       3.862999240274e-03       2.036389468855e+00 
       4.171170631739e-03       2.169898252916e+00 
       4.503926445983e-03       2.308634492104e+00 
       4.863227909323e-03       2.452050674933e+00 
       5.251192705226e-03       2.599434681319e+00 
       5.670107455699e-03       2.749901126686e+00 
       6.122441198393e-03       2.902390058593e+00 
       6.610859938837e-03       3.055671270151e+00 
       7.138242363583e-03       3.208360123245e+00 
       7.707696806873e-03       3.358926651861e+00 
       8.322579570814e-03       3.505726890504e+00 
       8.986514707061e-03       3.647012438684e+00 
       9.703415376577e-03       3.780926180443e+00 
       1.047750691338e-02       3.905492882144e+00 
       1.131335172818e-02       4.018589827972e+00 
       1.221587619877e-02       4.117902891330e+00 
       1.319039970550e-02       4.200917703714e+00 
       1.424266598317e-02       4.264943743319e+00 
       1.537887697392e-02       4.307219675371e+00 
       1.660572938023e-02       4.325062465187e+00 
       1.793045412706e-02       4.316060401436e+00 
       1.936085890181e-02       4.278228943606e+00 
       2.090537352463e-02       4.210204486911e+00 
       2.257309535333e-02       4.111418764357e+00 
       2.437382002918e-02       3.982420954674e+00 
       2.631799944462e-02       3.825168705419e+00 
       2.841644545389e-02       3.643282267933e+00 
       3.067933355377e-02       3.442198729451e+00 
       3.311368470740e-02       3.229241626179e+00 
       3.571840443502e-02       3.013516365078e+00 
       3.847720348444e-02       2.805283980178e+00 
       4.135335538431e-02       2.614410711190e+00 
       4.429361667738e-02       2.448132237305e+00 
       4.724366439141e-02       2.309240713146e+00 
       5.016480835311e-02       2.196115272769e+00 
       5.303989620246e-02       2.104369951781e+00 
       5.586870669566e-02       2.028462702440e+00 
       5.866042680613e-02       1.963155438916e+00 
       6.142798932958e-02       1.903779856165e+00 
       6.418496440164e-02       1.846479376403e+00 
       6.694418833788e-02       1.788197663394e+00 
       6.971731106057e-02       1.726715883778e+00 
       7.251476155766e-02       1.660654610615e+00 
       7.534587671527e-02       1.589470089792e+00 
       7.821907666265e-02       1.513436827508e+00 
       8.114203772912e-02       1.433569032161e+00 
       8.412184535029e-02       1.351492545174e+00 
       8.716512279304e-02       1.269274036158e+00 
       9.027813695930e-02       1.189193487628e+00 
       9.346688431697e-02       1.113501441247e+00 
       9.673716028276e-02       1.044174795687e+00 
       1.000946150830e-01       9.827063389546e-01 
       1.035447986537e-01       9.299362759861e-01 
       1.070931966762e-01       8.859588684322e-01 
       1.107452594425e-01       8.500714543168e-01 
       1.145064249153e-01       8.208037034317e-01 
       1.183821370918e-01       7.960246221519e-01 
       1.223778605862e-01       7.731460384048e-01 
       1.264990921987e-01       7.494519991523e-01 
       1.307513701367e-01       7.225565266649e-01 
       1.351402814784e-01       6.909077909383e-01 
       1.396714684203e-01       6.541799942727e-01 
       1.443506338194e-01       6.134258285673e-01 
       1.491835465229e-01       5.708678959874e-01 
       1.541760469708e-01       5.293643096821e-01 
       1.593340535561e-01       4.917108592274e-01 
       1.646635702297e-01       4.599199636511e-01 
       1.701706958456e-01       4.347279081761e-01 
       1.758616357459e-01       4.154078050089e-01 
       1.817427160982e-01       3.999362158989e-01 
       1.878204015065e-01       3.856848045658e-01 
       1.941013164283e-01       3.698108100958e-01 
       2.005922709503e-01       3.505485124090e-01 
       2.073002914972e-01       3.280462332247e-01 
       2.142326570816e-01       3.042136332299e-01 
       2.213969417533e-01       2.816115490999e-01 
       2.288010639706e-01       2.622567628309e-01 
       2.364533437147e-01       2.469617477048e-01 
       2.443625682930e-01       2.350128745697e-01 
       2.525380679504e-01       2.244202998107e-01 
       2.609898026346e-01       2.130960233429e-01 
       2.697284615565e-01       2.001025402528e-01 
       2.787655775689e-01       1.860197650353e-01 
       2.881136588829e-01       1.725169774425e-01 
       2.977863412677e-01       1.610658817015e-01 
       3.077985646929e-01       1.517604467756e-01 
       3.181667794071e-01       1.435592885115e-01 
       3.289091877812e-01       1.351816703847e-01 
       3.400460299658e-01       1.261641870390e-01 
       3.515999236474e-01       1.172017599640e-01 
       3.635962711085e-01       1.091768663335e-01 
       3.760637506334e-01       1.023091047315e-01 
       3.890349143879e-01       9.593749295195e-02 
       4.025469216825e-01       8.950753557988e-02 
       4.166424456376e-01       8.311158162799e-02 
       4.313708035863e-01       7.721533096497e-02 
       4.467893782977e-01       7.190037586402e-02 
       4.629654199664e-01       6.686888705421e-02 
       4.799783501994e-01       6.191738233936e-02 
       4.979227319373e-01       5.722205001028e-02 
       5.169121270864e-01       5.290274608019e-02 
       5.370841404489e-01       4.876963860834e-02 
       5.586070464571e-01       4.479057988136e-02 
       5.816885094930e-01       4.105176980486e-02 
       6.065870144995e-01       3.748979282682e-02 
       6.336266468475e-01       3.407608997092e-02 
       6.632156059511e-01       3.083442227886e-02 
       6.958678639263e-01       2.772821376478e-02 
       7.322247985589e-01       2.476698039824e-02 
       7.730680195114e-01       2.193950082394e-02 
       8.193049553677e-01       1.925601793671e-02 
       8.718988016039e-01       1.672918301095e-02 
       9.317218031082e-01       1.438416966141e-02 
       9.993660908989e-01       1.225061796823e-02 
       1.075037110174e+00       1.035252555321e-02 
       1.158653485707e+00       8.699629104659e-03 
       1.250099157308e+00       7.284504446574e-03 
       1.349432401273e+00       6.085339992278e-03 
       1.456947457397e+00       5.075611566567e-03 
       1.573135111331e+00       4.228218548641e-03 
       1.698621895592e+00       3.518448754894e-03 
       1.834127512934e+00       2.924875758828e-03 
       1.980444934528e+00       2.429060692569e-03 
       2.138435191726e+00       2.015406048979e-03 
       2.309029199186e+00       1.670652487425e-03 
       2.493232377687e+00       1.383669877038e-03 
       2.692130395285e+00       1.145007395139e-03 
       2.906895534573e+00       9.467191684434e-04 
       3.138793597714e+00       7.821456357354e-04 
       3.389191366484e+00       6.456672708025e-04 
       3.659564657905e+00       5.326014813935e-04 
       3.951507022538e+00       4.390062060604e-04 
       4.266739136701e+00       3.615997028767e-04 
       4.607118943941e+00       2.976202115109e-04 
       4.974652605557e+00       2.447897031833e-04 
       5.371506324689e+00       2.011939021047e-04 
       5.800019113685e+00       1.652451672020e-04 
       6.262716579983e+00       1.356220095182e-04 
       6.762325811764e+00       1.112259059495e-04 
       7.301791451110e+00       9.114807520083e-05 
       7.884293049406e+00       7.463240321298e-05 
       8.513263807261e+00       6.105432066058e-05 
       9.192410809424e+00       4.989648638913e-05 
       9.925736873929e+00       4.073138687670e-05 
       1.071756414427e+01       3.320556848982e-05 
       1.157255956364e+01       2.702755268822e-05 
       1.249576238137e+01       2.195728113209e-05 
       1.349261385375e+01       1.779632415384e-05 
       1.456898931416e+01       1.438227396034e-05 
       1.573123280165e+01       1.158064294405e-05 
       1.698619445202e+01       9.281665775939e-06 
       1.834127087176e+01       7.395168334261e-06 
       1.980444873285e+01       5.847586780824e-06 
       2.138435184532e+01       4.578894135489e-06 
       2.309029198506e+01       3.540147890904e-06 
       2.493232377636e+01       2.691823653958e-06 
       2.692130395282e+01       2.002730453022e-06 
       2.906895534573e+01       1.447190734039e-06 
       3.138793597714e+01       1.004922122588e-06 
       3.389191366484e+01       6.600198574615e-07 
       3.659564657905e+01       3.996206502982e-07 
       3.951507022538e+01       2.130517075515e-07 
       4.266739136701e+01       9.057766455780e-08 
       4.607118943941e+01       2.295122478987e-08 
       4.974652605557e+01       2.224909248264e-10 
       5.371506324689e+01       1.130743636483e-08 
       5.800019113685e+01       4.364939064032e-08 
       6.262716579983e+01       8.406551246802e-08 
       6.762325811764e+01       1.195217941866e-07 
       7.301791451110e+01       1.394761584522e-07 
       7.884293049406e+01       1.366463858428e-07 
       8.513263807261e+01       1.144489170524e-07 
       9.192410809424e+01       7.864470050885e-08 
       9.925736873929e+01       4.007237930193e-08 
       1.071756414427e+02       1.163696821657e-08 
       1.157255956364e+02       2.714650288444e-10 
       1.249576238137e+02       3.817989888276e-09 
       1.349261385375e+02       1.334082990205e-08 
