# Matter power spectrum P(k) at redshift z=99
# for k=1.04775e-05 to 67.6233 h/Mpc,
# number of wavenumbers equal to 246
#    1:k (h/Mpc)              2:P (Mpc/h)^3        
       1.047750691338e-05       7.261927673119e-03 
       1.131335172818e-05       7.820331745737e-03 
       1.221587619877e-05       8.421675986488e-03 
       1.319039970550e-05       9.069258192194e-03 
       1.424266598317e-05       9.766638404421e-03 
       1.537887697396e-05       1.051764069682e-02 
       1.660572938097e-05       1.132639105520e-02 
       1.793045413791e-05       1.219733231416e-02 
       1.936085902737e-05       1.313524224380e-02 
       2.090537469909e-05       1.414527121893e-02 
       2.257310435923e-05       1.523296272192e-02 
       2.437387742372e-05       1.640429444530e-02 
       2.631830745176e-05       1.766569582178e-02 
       2.841785470091e-05       1.902408601793e-02 
       3.068489367268e-05       2.048692970591e-02 
       3.313278604643e-05       2.206225513594e-02 
       3.577595943165e-05       2.375870704909e-02 
       3.862999240274e-05       2.558560727479e-02 
       4.171170631739e-05       2.755297763344e-02 
       4.503926445983e-05       2.967161927316e-02 
       4.863227909323e-05       3.195316450832e-02 
       5.251192705226e-05       3.441013519284e-02 
       5.670107455699e-05       3.705601722525e-02 
       6.122441198393e-05       3.990533413561e-02 
       6.610859938837e-05       4.297372168203e-02 
       7.138242363583e-05       4.627802141688e-02 
       7.707696806873e-05       4.983636194159e-02 
       8.322579570814e-05       5.366826847231e-02 
       8.986514707061e-05       5.779476394569e-02 
       9.703415376577e-05       6.223848243885e-02 
       1.047750691338e-04       6.702379865640e-02 
       1.131335172818e-04       7.217695153381e-02 
       1.221587619877e-04       7.772619073572e-02 
       1.319039970550e-04       8.370193432376e-02 
       1.424266598317e-04       9.013692507544e-02 
       1.537887697396e-04       9.706641242570e-02 
       1.660572938097e-04       1.045283354271e-01 
       1.793045413791e-04       1.125635349068e-01 
       1.936085902737e-04       1.212159614968e-01 
       2.090537469909e-04       1.305329132714e-01 
       2.257310435923e-04       1.405652846215e-01 
       2.437387742372e-04       1.513678302540e-01 
       2.631830745176e-04       1.629994504870e-01 
       2.841785470091e-04       1.755234921224e-01 
       3.068489367268e-04       1.890080670413e-01 
       3.313278604643e-04       2.035264002435e-01 
       3.577595943165e-04       2.191571803681e-01 
       3.862999240274e-04       2.359849437593e-01 
       4.171170631739e-04       2.541004741539e-01 
       4.503926445983e-04       2.736012080277e-01 
       4.863227909323e-04       2.945916790965e-01 
       5.251192705226e-04       3.171839525183e-01 
       5.670107455699e-04       3.414980764002e-01 
       6.122441198393e-04       3.676625413100e-01 
       6.610859938837e-04       3.958147252304e-01 
       7.138242363583e-04       4.261013284919e-01 
       7.707696806873e-04       4.586787792353e-01 
       8.322579570814e-04       4.937136001344e-01 
       8.986514707061e-04       5.313826801402e-01 
       9.703415376577e-04       5.718734972157e-01 
       1.047750691338e-03       6.153841629505e-01 
       1.131335172818e-03       6.621233239465e-01 
       1.221587619877e-03       7.123098220430e-01 
       1.319039970550e-03       7.661720584424e-01 
       1.424266598317e-03       8.239546297729e-01 
       1.537887697396e-03       8.859011173467e-01 
       1.660572938097e-03       9.522588006422e-01 
       1.793045413791e-03       1.023280099819e+00 
       1.936085902737e-03       1.099216304579e+00 
       2.090537469909e-03       1.180312990454e+00 
       2.257310435923e-03       1.266804115852e+00 
       2.437387742372e-03       1.358904853406e+00 
       2.631830745176e-03       1.456802683156e+00 
       2.841785470091e-03       1.560646890522e+00 
       3.068489367268e-03       1.670536062500e+00 
       3.313278604643e-03       1.786503852159e+00 
       3.577595943165e-03       1.908502930788e+00 
       3.862999240274e-03       2.036387730709e+00 
       4.171170631739e-03       2.169896152860e+00 
       4.503926445983e-03       2.308631878994e+00 
       4.863227909323e-03       2.452047290962e+00 
       5.251192705226e-03       2.599430628088e+00 
       5.670107455699e-03       2.749896931821e+00 
       6.122441198393e-03       2.902386513385e+00 
       6.610859938837e-03       3.055668705454e+00 
       7.138242363583e-03       3.208356461547e+00 
       7.707696806873e-03       3.358923892243e+00 
       8.322579570814e-03       3.505725595254e+00 
       8.986514707061e-03       3.647009252445e+00 
       9.703415376577e-03       3.780923304325e+00 
       1.047750691338e-02       3.905492550405e+00 
       1.131335172818e-02       4.018588050489e+00 
       1.221587619877e-02       4.117901587325e+00 
       1.319039970550e-02       4.200915316532e+00 
       1.424266598317e-02       4.264942456056e+00 
       1.537887697392e-02       4.307219269229e+00 
       1.660572938023e-02       4.325061751574e+00 
       1.793045412706e-02       4.316058828330e+00 
       1.936085890181e-02       4.278232464430e+00 
       2.090537352463e-02       4.210204857414e+00 
       2.257309535333e-02       4.111421882292e+00 
       2.437382002918e-02       3.982417105870e+00 
       2.631799944462e-02       3.825159964745e+00 
       2.841644545389e-02       3.643285049831e+00 
       3.067933355377e-02       3.442193961233e+00 
       3.311368470740e-02       3.229230943514e+00 
       3.571840443502e-02       3.013521721192e+00 
       3.847720348444e-02       2.805289476971e+00 
       4.135335538431e-02       2.614413108286e+00 
       4.429361667738e-02       2.448150209015e+00 
       4.724366439141e-02       2.309239723188e+00 
       5.016480835311e-02       2.196109757827e+00 
       5.303989620246e-02       2.104365801488e+00 
       5.586870669566e-02       2.028461781424e+00 
       5.866042680613e-02       1.963152048845e+00 
       6.142798932958e-02       1.903782442796e+00 
       6.418496440164e-02       1.846477170343e+00 
       6.694418833788e-02       1.788198374401e+00 
       6.971731106057e-02       1.726716187670e+00 
       7.251476155766e-02       1.660652747486e+00 
       7.534587671527e-02       1.589469627556e+00 
       7.821907666265e-02       1.513438670312e+00 
       8.114203772912e-02       1.433568793542e+00 
       8.412184535029e-02       1.351495425874e+00 
       8.716512279304e-02       1.269275048114e+00 
       9.027813695930e-02       1.189191637335e+00 
       9.346688431697e-02       1.113501560479e+00 
       9.673716028276e-02       1.044174607970e+00 
       1.000946150830e-01       9.827063699789e-01 
       1.035447986537e-01       9.299416540777e-01 
       1.070931966762e-01       8.859598387475e-01 
       1.107452594425e-01       8.500710230510e-01 
       1.145064249153e-01       8.208022890621e-01 
       1.183821370918e-01       7.960246421538e-01 
       1.223778605862e-01       7.731450570348e-01 
       1.264990921987e-01       7.494520755476e-01 
       1.307513701367e-01       7.225584248722e-01 
       1.351402814784e-01       6.909086728529e-01 
       1.396714684203e-01       6.541807330114e-01 
       1.443506338194e-01       6.134265649350e-01 
       1.491835465229e-01       5.708683564596e-01 
       1.541760469708e-01       5.293630580049e-01 
       1.593340535561e-01       4.917104145178e-01 
       1.646635702297e-01       4.599203956341e-01 
       1.701706958456e-01       4.347287794151e-01 
       1.758616357459e-01       4.154078034813e-01 
       1.817427160982e-01       3.999376349620e-01 
       1.878204015065e-01       3.856836224343e-01 
       1.941013164283e-01       3.698087104733e-01 
       2.005922709503e-01       3.505469240775e-01 
       2.073002914972e-01       3.280427494634e-01 
       2.142326570816e-01       3.042138663905e-01 
       2.213969417533e-01       2.816120556729e-01 
       2.288010639706e-01       2.622570673656e-01 
       2.364533437147e-01       2.469618012555e-01 
       2.443625682930e-01       2.350127190514e-01 
       2.525380679504e-01       2.244179963118e-01 
       2.609898026346e-01       2.130937407757e-01 
       2.697284615565e-01       2.001017313826e-01 
       2.787655775689e-01       1.860193171274e-01 
       2.881136588829e-01       1.725175021824e-01 
       2.977863412677e-01       1.610662515014e-01 
       3.077985646929e-01       1.517612578784e-01 
       3.181667794071e-01       1.435593372186e-01 
       3.289091877812e-01       1.351811910368e-01 
       3.400460299658e-01       1.261642870926e-01 
       3.515999236474e-01       1.172017946207e-01 
       3.635962711085e-01       1.091768924305e-01 
       3.760637506334e-01       1.023095564391e-01 
       3.890349143879e-01       9.593745706370e-02 
       4.025469216825e-01       8.950747078350e-02 
       4.166424456376e-01       8.311188117802e-02 
       4.313708035863e-01       7.721565919674e-02 
       4.467893782977e-01       7.190049804781e-02 
       4.629654199664e-01       6.686924443475e-02 
       4.799783501994e-01       6.191756389201e-02 
       4.979227319373e-01       5.722222748481e-02 
       5.169121270864e-01       5.290285313573e-02 
       5.370841404489e-01       4.876974648263e-02 
       5.586070464571e-01       4.479088030564e-02 
       5.816885094930e-01       4.105194916052e-02 
       6.065870144995e-01       3.748991680004e-02 
       6.336266468475e-01       3.407634800059e-02 
       6.632156059511e-01       3.083469127881e-02 
       6.958678639263e-01       2.772835455772e-02 
       7.322247985589e-01       2.476709663888e-02 
       7.730680195114e-01       2.193957309550e-02 
       8.193049553677e-01       1.925608741803e-02 
       8.718988016039e-01       1.672928212047e-02 
       9.317218031082e-01       1.438423909734e-02 
       9.993660908989e-01       1.225065348088e-02 
       1.075037110174e+00       1.035261954728e-02 
       1.158653485707e+00       8.699740850063e-03 
       1.250099157308e+00       7.284614641517e-03 
       1.349432401273e+00       6.085475190386e-03 
       1.456947457397e+00       5.075741577688e-03 
       1.573135111331e+00       4.228312169909e-03 
       1.698621895592e+00       3.518529098444e-03 
       1.834127512934e+00       2.924990400279e-03 
       1.980444934528e+00       2.429161628136e-03 
       2.138435191726e+00       2.015511154321e-03 
       2.309029199186e+00       1.670783150012e-03 
       2.493232377687e+00       1.383794449305e-03 
       2.692130395285e+00       1.145131970665e-03 
       2.906895534573e+00       9.468575470312e-04 
       3.138793597714e+00       7.822895046891e-04 
       3.389191366484e+00       6.458234912247e-04 
       3.659564657905e+00       5.327657169055e-04 
       3.951507022538e+00       4.391867452386e-04 
       4.266739136701e+00       3.617894783547e-04 
       4.607118943941e+00       2.978278888778e-04 
       4.974652605557e+00       2.450140635181e-04 
       5.371506324689e+00       2.014352482882e-04 
       5.800019113685e+00       1.655068412508e-04 
       6.262716579983e+00       1.359043375195e-04 
       6.762325811764e+00       1.115298489580e-04 
       7.301791451110e+00       9.147588395624e-05 
       7.884293049406e+00       7.498678637833e-05 
       8.513263807261e+00       6.143580042737e-05 
       9.192410809424e+00       5.030779746809e-05 
       9.925736873929e+00       4.117466093796e-05 
       1.071756414427e+01       3.368332739707e-05 
       1.157255956364e+01       2.754123354148e-05 
       1.249576238137e+01       2.250885429643e-05 
       1.349261385375e+01       1.838745770529e-05 
       1.456898931416e+01       1.501413640159e-05 
       1.573123280165e+01       1.225418320409e-05 
       1.698619445202e+01       9.997510459170e-06 
       1.834127087176e+01       8.153004896426e-06 
       1.980444873285e+01       6.646093495443e-06 
       2.138435184532e+01       5.415553515816e-06 
       2.309029198506e+01       4.411188922592e-06 
       2.493232377636e+01       3.591733185775e-06 
       2.692130395282e+01       2.923419292926e-06 
       2.906895534573e+01       2.378590152197e-06 
       3.138793597714e+01       1.934605810057e-06 
       3.389191366484e+01       1.572933938273e-06 
       3.659564657905e+01       1.278444071269e-06 
       3.951507022538e+01       1.038725667180e-06 
       4.266739136701e+01       8.436593755923e-07 
       4.607118943941e+01       6.849923564082e-07 
       4.974652605557e+01       5.559783614851e-07 
       5.371506324689e+01       4.511075874641e-07 
       5.800019113685e+01       3.658818832745e-07 
       6.262716579983e+01       2.966511829698e-07 
       6.762325811764e+01       2.404284412484e-07 
