# Matter power spectrum P(k) at redshift z=99
# for k=1.04775e-05 to 67.6233 h/Mpc,
# number of wavenumbers equal to 246
#    1:k (h/Mpc)              2:P (Mpc/h)^3        
       1.047750691338e-05       7.261927673119e-03 
       1.131335172818e-05       7.820331745737e-03 
       1.221587619877e-05       8.421675986488e-03 
       1.319039970550e-05       9.069258192194e-03 
       1.424266598317e-05       9.766638404421e-03 
       1.537887697396e-05       1.051764069681e-02 
       1.660572938097e-05       1.132639105520e-02 
       1.793045413791e-05       1.219733231416e-02 
       1.936085902737e-05       1.313524224380e-02 
       2.090537469909e-05       1.414527121893e-02 
       2.257310435923e-05       1.523296272192e-02 
       2.437387742372e-05       1.640429444530e-02 
       2.631830745176e-05       1.766569582178e-02 
       2.841785470091e-05       1.902408601793e-02 
       3.068489367268e-05       2.048692970591e-02 
       3.313278604643e-05       2.206225513594e-02 
       3.577595943165e-05       2.375870704909e-02 
       3.862999240274e-05       2.558560727479e-02 
       4.171170631739e-05       2.755297763344e-02 
       4.503926445983e-05       2.967161927316e-02 
       4.863227909323e-05       3.195316450832e-02 
       5.251192705226e-05       3.441013519284e-02 
       5.670107455699e-05       3.705601722526e-02 
       6.122441198393e-05       3.990533413560e-02 
       6.610859938837e-05       4.297372168203e-02 
       7.138242363583e-05       4.627802141688e-02 
       7.707696806873e-05       4.983636194159e-02 
       8.322579570814e-05       5.366826847231e-02 
       8.986514707061e-05       5.779476394569e-02 
       9.703415376577e-05       6.223848243885e-02 
       1.047750691338e-04       6.702379865640e-02 
       1.131335172818e-04       7.217695153381e-02 
       1.221587619877e-04       7.772619073573e-02 
       1.319039970550e-04       8.370193432376e-02 
       1.424266598317e-04       9.013692507547e-02 
       1.537887697396e-04       9.706641242570e-02 
       1.660572938097e-04       1.045283354271e-01 
       1.793045413791e-04       1.125635349068e-01 
       1.936085902737e-04       1.212159614968e-01 
       2.090537469909e-04       1.305329132714e-01 
       2.257310435923e-04       1.405652846215e-01 
       2.437387742372e-04       1.513678302540e-01 
       2.631830745176e-04       1.629994504871e-01 
       2.841785470091e-04       1.755234921224e-01 
       3.068489367268e-04       1.890080670413e-01 
       3.313278604643e-04       2.035264002435e-01 
       3.577595943165e-04       2.191571803681e-01 
       3.862999240274e-04       2.359849437593e-01 
       4.171170631739e-04       2.541004741539e-01 
       4.503926445983e-04       2.736012080277e-01 
       4.863227909323e-04       2.945916790965e-01 
       5.251192705226e-04       3.171839525183e-01 
       5.670107455699e-04       3.414980764002e-01 
       6.122441198393e-04       3.676625413100e-01 
       6.610859938837e-04       3.958147252304e-01 
       7.138242363583e-04       4.261013284914e-01 
       7.707696806873e-04       4.586787792355e-01 
       8.322579570814e-04       4.937136001343e-01 
       8.986514707061e-04       5.313826801401e-01 
       9.703415376577e-04       5.718734972157e-01 
       1.047750691338e-03       6.153841629505e-01 
       1.131335172818e-03       6.621233239465e-01 
       1.221587619877e-03       7.123098220429e-01 
       1.319039970550e-03       7.661720584518e-01 
       1.424266598317e-03       8.239546297729e-01 
       1.537887697396e-03       8.859011173466e-01 
       1.660572938097e-03       9.522588006422e-01 
       1.793045413791e-03       1.023280099819e+00 
       1.936085902737e-03       1.099216304579e+00 
       2.090537469909e-03       1.180312990454e+00 
       2.257310435923e-03       1.266804115851e+00 
       2.437387742372e-03       1.358904853405e+00 
       2.631830745176e-03       1.456802683156e+00 
       2.841785470091e-03       1.560646890522e+00 
       3.068489367268e-03       1.670536062500e+00 
       3.313278604643e-03       1.786503852155e+00 
       3.577595943165e-03       1.908502930789e+00 
       3.862999240274e-03       2.036387730709e+00 
       4.171170631739e-03       2.169896178395e+00 
       4.503926445983e-03       2.308631878994e+00 
       4.863227909323e-03       2.452047290962e+00 
       5.251192705226e-03       2.599430628088e+00 
       5.670107455699e-03       2.749896931814e+00 
       6.122441198393e-03       2.902386513385e+00 
       6.610859938837e-03       3.055668694781e+00 
       7.138242363583e-03       3.208356461542e+00 
       7.707696806873e-03       3.358923892616e+00 
       8.322579570814e-03       3.505725595053e+00 
       8.986514707061e-03       3.647009650761e+00 
       9.703415376577e-03       3.780923304241e+00 
       1.047750691338e-02       3.905490419699e+00 
       1.131335172818e-02       4.018587641240e+00 
       1.221587619877e-02       4.117901585677e+00 
       1.319039970550e-02       4.200915388605e+00 
       1.424266598317e-02       4.264942269305e+00 
       1.537887697392e-02       4.307219213972e+00 
       1.660572938023e-02       4.325060708936e+00 
       1.793045412706e-02       4.316058846073e+00 
       1.936085890181e-02       4.278229805855e+00 
       2.090537352463e-02       4.210208690420e+00 
       2.257309535333e-02       4.111420952122e+00 
       2.437382002918e-02       3.982421582657e+00 
       2.631799944462e-02       3.825166800869e+00 
       2.841644545389e-02       3.643278952611e+00 
       3.067933355377e-02       3.442198089840e+00 
       3.311368470740e-02       3.229230132606e+00 
       3.571840443502e-02       3.013512041486e+00 
       3.847720348444e-02       2.805279591212e+00 
       4.135335538431e-02       2.614413638726e+00 
       4.429361667738e-02       2.448135436483e+00 
       4.724366439141e-02       2.309239962925e+00 
       5.016480835311e-02       2.196113416658e+00 
       5.303989620246e-02       2.104366590629e+00 
       5.586870669566e-02       2.028463876528e+00 
       5.866042680613e-02       1.963150726320e+00 
       6.142798932958e-02       1.903780541857e+00 
       6.418496440164e-02       1.846478016169e+00 
       6.694418833788e-02       1.788200365048e+00 
       6.971731106057e-02       1.726718442347e+00 
       7.251476155766e-02       1.660650887323e+00 
       7.534587671527e-02       1.589471017254e+00 
       7.821907666265e-02       1.513438721595e+00 
       8.114203772912e-02       1.433571129202e+00 
       8.412184535029e-02       1.351490782166e+00 
       8.716512279304e-02       1.269275307392e+00 
       9.027813695930e-02       1.189193663352e+00 
       9.346688431697e-02       1.113502241309e+00 
       9.673716028276e-02       1.044174183652e+00 
       1.000946150830e-01       9.827059463375e-01 
       1.035447986537e-01       9.299384453273e-01 
       1.070931966762e-01       8.859580542991e-01 
       1.107452594425e-01       8.500699837210e-01 
       1.145064249153e-01       8.208031589461e-01 
       1.183821370918e-01       7.960246854473e-01 
       1.223778605862e-01       7.731459370976e-01 
       1.264990921987e-01       7.494524610168e-01 
       1.307513701367e-01       7.225585690033e-01 
       1.351402814784e-01       6.909094458373e-01 
       1.396714684203e-01       6.541813216305e-01 
       1.443506338194e-01       6.134257911505e-01 
       1.491835465229e-01       5.708682519325e-01 
       1.541760469708e-01       5.293634242053e-01 
       1.593340535561e-01       4.917100566650e-01 
       1.646635702297e-01       4.599209265981e-01 
       1.701706958456e-01       4.347291578981e-01 
       1.758616357459e-01       4.154082539905e-01 
       1.817427160982e-01       3.999376059156e-01 
       1.878204015065e-01       3.856821578679e-01 
       1.941013164283e-01       3.698093717778e-01 
       2.005922709503e-01       3.505470686659e-01 
       2.073002914972e-01       3.280429602137e-01 
       2.142326570816e-01       3.042146363623e-01 
       2.213969417533e-01       2.816122633904e-01 
       2.288010639706e-01       2.622572743356e-01 
       2.364533437147e-01       2.469622645360e-01 
       2.443625682930e-01       2.350136574249e-01 
       2.525380679504e-01       2.244183593691e-01 
       2.609898026346e-01       2.130937953859e-01 
       2.697284615565e-01       2.001018413900e-01 
       2.787655775689e-01       1.860199939210e-01 
       2.881136588829e-01       1.725168694698e-01 
       2.977863412677e-01       1.610661363717e-01 
       3.077985646929e-01       1.517609003877e-01 
       3.181667794071e-01       1.435595914078e-01 
       3.289091877812e-01       1.351812551355e-01 
       3.400460299658e-01       1.261641719855e-01 
       3.515999236474e-01       1.172023802017e-01 
       3.635962711085e-01       1.091768112435e-01 
       3.760637506334e-01       1.023095163136e-01 
       3.890349143879e-01       9.593788075115e-02 
       4.025469216825e-01       8.950775586125e-02 
       4.166424456376e-01       8.311198790552e-02 
       4.313708035863e-01       7.721575271535e-02 
       4.467893782977e-01       7.190071809244e-02 
       4.629654199664e-01       6.686914213210e-02 
       4.799783501994e-01       6.191753649783e-02 
       4.979227319373e-01       5.722224703646e-02 
       5.169121270864e-01       5.290298944685e-02 
       5.370841404489e-01       4.876989674568e-02 
       5.586070464571e-01       4.479094591400e-02 
       5.816885094930e-01       4.105193006851e-02 
       6.065870144995e-01       3.748999339832e-02 
       6.336266468475e-01       3.407632766968e-02 
       6.632156059511e-01       3.083465961257e-02 
       6.958678639263e-01       2.772842803123e-02 
       7.322247985589e-01       2.476713452415e-02 
       7.730680195114e-01       2.193963281393e-02 
       8.193049553677e-01       1.925619154507e-02 
       8.718988016039e-01       1.672934430291e-02 
       9.317218031082e-01       1.438420016303e-02 
       9.993660908989e-01       1.225070418234e-02 
       1.075037110174e+00       1.035260568677e-02 
       1.158653485707e+00       8.699723188966e-03 
       1.250099157308e+00       7.284625361418e-03 
       1.349432401273e+00       6.085458441888e-03 
       1.456947457397e+00       5.075712705813e-03 
       1.573135111331e+00       4.228323349125e-03 
       1.698621895592e+00       3.518556406554e-03 
       1.834127512934e+00       2.924987325999e-03 
       1.980444934528e+00       2.429163782196e-03 
       2.138435191726e+00       2.015505784124e-03 
       2.309029199186e+00       1.670771455296e-03 
       2.493232377687e+00       1.383797276709e-03 
       2.692130395285e+00       1.145135787750e-03 
       2.906895534573e+00       9.468570184023e-04 
       3.138793597714e+00       7.822950692934e-04 
       3.389191366484e+00       6.458260792917e-04 
       3.659564657905e+00       5.327688892729e-04 
       3.951507022538e+00       4.391864005933e-04 
       4.266739136701e+00       3.617922809116e-04 
       4.607118943941e+00       2.978280481059e-04 
       4.974652605557e+00       2.450154925020e-04 
       5.371506324689e+00       2.014361463177e-04 
       5.800019113685e+00       1.655073281705e-04 
       6.262716579983e+00       1.359040142951e-04 
       6.762325811764e+00       1.115303147227e-04 
       7.301791451110e+00       9.147700548103e-05 
       7.884293049406e+00       7.498688083708e-05 
       8.513263807261e+00       6.143627810398e-05 
       9.192410809424e+00       5.030839332531e-05 
       9.925736873929e+00       4.117481398787e-05 
       1.071756414427e+01       3.368352965948e-05 
       1.157255956364e+01       2.754143032296e-05 
       1.249576238137e+01       2.250879366523e-05 
       1.349261385375e+01       1.838752946420e-05 
       1.456898931416e+01       1.501422687103e-05 
       1.573123280165e+01       1.225434724654e-05 
       1.698619445202e+01       9.997583955662e-06 
       1.834127087176e+01       8.153154393714e-06 
       1.980444873285e+01       6.646254120744e-06 
       2.138435184532e+01       5.415725345195e-06 
       2.309029198506e+01       4.411361862230e-06 
       2.493232377636e+01       3.591872984294e-06 
       2.692130395282e+01       2.923544081934e-06 
       2.906895534573e+01       2.378732096406e-06 
       3.138793597714e+01       1.934778019967e-06 
       3.389191366484e+01       1.573118737161e-06 
       3.659564657905e+01       1.278616841016e-06 
       3.951507022538e+01       1.038915830536e-06 
       4.266739136701e+01       8.438610198072e-07 
       4.607118943941e+01       6.852104860666e-07 
       4.974652605557e+01       5.562053118011e-07 
       5.371506324689e+01       4.513430012154e-07 
       5.800019113685e+01       3.661302108560e-07 
       6.262716579983e+01       2.969140911698e-07 
       6.762325811764e+01       2.407074545984e-07 
