# Matter power spectrum P(k) at redshift z=99
# for k=1.04775e-05 to 67.6233 h/Mpc,
# number of wavenumbers equal to 246
#    1:k (h/Mpc)              2:P (Mpc/h)^3        
       1.047750691338e-05       7.261927673119e-03 
       1.131335172818e-05       7.820331745737e-03 
       1.221587619877e-05       8.421675986489e-03 
       1.319039970550e-05       9.069258192194e-03 
       1.424266598317e-05       9.766638404421e-03 
       1.537887697396e-05       1.051764069681e-02 
       1.660572938097e-05       1.132639105520e-02 
       1.793045413791e-05       1.219733231416e-02 
       1.936085902737e-05       1.313524224380e-02 
       2.090537469909e-05       1.414527121893e-02 
       2.257310435923e-05       1.523296272192e-02 
       2.437387742372e-05       1.640429444530e-02 
       2.631830745176e-05       1.766569582178e-02 
       2.841785470091e-05       1.902408601793e-02 
       3.068489367268e-05       2.048692970591e-02 
       3.313278604643e-05       2.206225513594e-02 
       3.577595943165e-05       2.375870704909e-02 
       3.862999240274e-05       2.558560727479e-02 
       4.171170631739e-05       2.755297763344e-02 
       4.503926445983e-05       2.967161927315e-02 
       4.863227909323e-05       3.195316450832e-02 
       5.251192705226e-05       3.441013519284e-02 
       5.670107455699e-05       3.705601722527e-02 
       6.122441198393e-05       3.990533413563e-02 
       6.610859938837e-05       4.297372168203e-02 
       7.138242363583e-05       4.627802141688e-02 
       7.707696806873e-05       4.983636194159e-02 
       8.322579570814e-05       5.366826847231e-02 
       8.986514707061e-05       5.779476394569e-02 
       9.703415376577e-05       6.223848243885e-02 
       1.047750691338e-04       6.702379865640e-02 
       1.131335172818e-04       7.217695153381e-02 
       1.221587619877e-04       7.772619073570e-02 
       1.319039970550e-04       8.370193432376e-02 
       1.424266598317e-04       9.013692507546e-02 
       1.537887697396e-04       9.706641242570e-02 
       1.660572938097e-04       1.045283354271e-01 
       1.793045413791e-04       1.125635349068e-01 
       1.936085902737e-04       1.212159614968e-01 
       2.090537469909e-04       1.305329132714e-01 
       2.257310435923e-04       1.405652846215e-01 
       2.437387742372e-04       1.513678302540e-01 
       2.631830745176e-04       1.629994504871e-01 
       2.841785470091e-04       1.755234921224e-01 
       3.068489367268e-04       1.890080670413e-01 
       3.313278604643e-04       2.035264002435e-01 
       3.577595943165e-04       2.191571803681e-01 
       3.862999240274e-04       2.359849437593e-01 
       4.171170631739e-04       2.541004741539e-01 
       4.503926445983e-04       2.736012080277e-01 
       4.863227909323e-04       2.945916790965e-01 
       5.251192705226e-04       3.171839525183e-01 
       5.670107455699e-04       3.414980764002e-01 
       6.122441198393e-04       3.676625413100e-01 
       6.610859938837e-04       3.958147252304e-01 
       7.138242363583e-04       4.261013284918e-01 
       7.707696806873e-04       4.586787792354e-01 
       8.322579570814e-04       4.937136001344e-01 
       8.986514707061e-04       5.313826801402e-01 
       9.703415376577e-04       5.718734972157e-01 
       1.047750691338e-03       6.153841629504e-01 
       1.131335172818e-03       6.621233239466e-01 
       1.221587619877e-03       7.123098220426e-01 
       1.319039970550e-03       7.661720584638e-01 
       1.424266598317e-03       8.239546297726e-01 
       1.537887697396e-03       8.859011173466e-01 
       1.660572938097e-03       9.522588006421e-01 
       1.793045413791e-03       1.023280099819e+00 
       1.936085902737e-03       1.099216304579e+00 
       2.090537469909e-03       1.180312990454e+00 
       2.257310435923e-03       1.266804115852e+00 
       2.437387742372e-03       1.358904853405e+00 
       2.631830745176e-03       1.456802683156e+00 
       2.841785470091e-03       1.560646890522e+00 
       3.068489367268e-03       1.670536062500e+00 
       3.313278604643e-03       1.786503852158e+00 
       3.577595943165e-03       1.908502930790e+00 
       3.862999240274e-03       2.036387730709e+00 
       4.171170631739e-03       2.169896178637e+00 
       4.503926445983e-03       2.308631878994e+00 
       4.863227909323e-03       2.452047290962e+00 
       5.251192705226e-03       2.599430628088e+00 
       5.670107455699e-03       2.749896931821e+00 
       6.122441198393e-03       2.902386513386e+00 
       6.610859938837e-03       3.055668704148e+00 
       7.138242363583e-03       3.208356461547e+00 
       7.707696806873e-03       3.358923893027e+00 
       8.322579570814e-03       3.505725595241e+00 
       8.986514707061e-03       3.647009619281e+00 
       9.703415376577e-03       3.780923304293e+00 
       1.047750691338e-02       3.905490533143e+00 
       1.131335172818e-02       4.018588038754e+00 
       1.221587619877e-02       4.117901587023e+00 
       1.319039970550e-02       4.200915235431e+00 
       1.424266598317e-02       4.264942447483e+00 
       1.537887697392e-02       4.307218579603e+00 
       1.660572938023e-02       4.325063719595e+00 
       1.793045412706e-02       4.316057041670e+00 
       1.936085890181e-02       4.278231139218e+00 
       2.090537352463e-02       4.210199182252e+00 
       2.257309535333e-02       4.111425186550e+00 
       2.437382002918e-02       3.982419139890e+00 
       2.631799944462e-02       3.825165144127e+00 
       2.841644545389e-02       3.643277116796e+00 
       3.067933355377e-02       3.442196900494e+00 
       3.311368470740e-02       3.229239092472e+00 
       3.571840443502e-02       3.013517478314e+00 
       3.847720348444e-02       2.805287995000e+00 
       4.135335538431e-02       2.614411290694e+00 
       4.429361667738e-02       2.448137060480e+00 
       4.724366439141e-02       2.309242090688e+00 
       5.016480835311e-02       2.196114350210e+00 
       5.303989620246e-02       2.104365389315e+00 
       5.586870669566e-02       2.028461687717e+00 
       5.866042680613e-02       1.963154355297e+00 
       6.142798932958e-02       1.903783587164e+00 
       6.418496440164e-02       1.846481860186e+00 
       6.694418833788e-02       1.788198309210e+00 
       6.971731106057e-02       1.726713484779e+00 
       7.251476155766e-02       1.660651975284e+00 
       7.534587671527e-02       1.589471928797e+00 
       7.821907666265e-02       1.513438179456e+00 
       8.114203772912e-02       1.433570344339e+00 
       8.412184535029e-02       1.351491099587e+00 
       8.716512279304e-02       1.269278212822e+00 
       9.027813695930e-02       1.189191606857e+00 
       9.346688431697e-02       1.113500791335e+00 
       9.673716028276e-02       1.044175497023e+00 
       1.000946150830e-01       9.827073420543e-01 
       1.035447986537e-01       9.299379115158e-01 
       1.070931966762e-01       8.859600283219e-01 
       1.107452594425e-01       8.500705515385e-01 
       1.145064249153e-01       8.208039745039e-01 
       1.183821370918e-01       7.960248308554e-01 
       1.223778605862e-01       7.731461971388e-01 
       1.264990921987e-01       7.494522105720e-01 
       1.307513701367e-01       7.225572543409e-01 
       1.351402814784e-01       6.909072776010e-01 
       1.396714684203e-01       6.541815024302e-01 
       1.443506338194e-01       6.134266595618e-01 
       1.491835465229e-01       5.708677136323e-01 
       1.541760469708e-01       5.293632999779e-01 
       1.593340535561e-01       4.917119283445e-01 
       1.646635702297e-01       4.599194136403e-01 
       1.701706958456e-01       4.347280034658e-01 
       1.758616357459e-01       4.154092001449e-01 
       1.817427160982e-01       3.999367676853e-01 
       1.878204015065e-01       3.856823513862e-01 
       1.941013164283e-01       3.698089627836e-01 
       2.005922709503e-01       3.505463243186e-01 
       2.073002914972e-01       3.280426225649e-01 
       2.142326570816e-01       3.042138500015e-01 
       2.213969417533e-01       2.816123528196e-01 
       2.288010639706e-01       2.622576324115e-01 
       2.364533437147e-01       2.469618308315e-01 
       2.443625682930e-01       2.350131340745e-01 
       2.525380679504e-01       2.244182709073e-01 
       2.609898026346e-01       2.130937764227e-01 
       2.697284615565e-01       2.001018317807e-01 
       2.787655775689e-01       1.860197622357e-01 
       2.881136588829e-01       1.725177647218e-01 
       2.977863412677e-01       1.610657765736e-01 
       3.077985646929e-01       1.517610699818e-01 
       3.181667794071e-01       1.435591888412e-01 
       3.289091877812e-01       1.351817416928e-01 
       3.400460299658e-01       1.261647858282e-01 
       3.515999236474e-01       1.172018312357e-01 
       3.635962711085e-01       1.091770392351e-01 
       3.760637506334e-01       1.023093747774e-01 
       3.890349143879e-01       9.593774140715e-02 
       4.025469216825e-01       8.950781404380e-02 
       4.166424456376e-01       8.311201279976e-02 
       4.313708035863e-01       7.721562809588e-02 
       4.467893782977e-01       7.190078825685e-02 
       4.629654199664e-01       6.686942656396e-02 
       4.799783501994e-01       6.191757218854e-02 
       4.979227319373e-01       5.722214677894e-02 
       5.169121270864e-01       5.290306605303e-02 
       5.370841404489e-01       4.876971251472e-02 
       5.586070464571e-01       4.479096645872e-02 
       5.816885094930e-01       4.105186941559e-02 
       6.065870144995e-01       3.748997543447e-02 
       6.336266468475e-01       3.407630683661e-02 
       6.632156059511e-01       3.083462267226e-02 
       6.958678639263e-01       2.772839141731e-02 
       7.322247985589e-01       2.476708954556e-02 
       7.730680195114e-01       2.193962805782e-02 
       8.193049553677e-01       1.925619248524e-02 
       8.718988016039e-01       1.672933456049e-02 
       9.317218031082e-01       1.438421449883e-02 
       9.993660908989e-01       1.225073098972e-02 
       1.075037110174e+00       1.035264165287e-02 
       1.158653485707e+00       8.699717233546e-03 
       1.250099157308e+00       7.284615897886e-03 
       1.349432401273e+00       6.085479858225e-03 
       1.456947457397e+00       5.075727403699e-03 
       1.573135111331e+00       4.228305103663e-03 
       1.698621895592e+00       3.518555226632e-03 
       1.834127512934e+00       2.924990327001e-03 
       1.980444934528e+00       2.429167679556e-03 
       2.138435191726e+00       2.015514035736e-03 
       2.309029199186e+00       1.670774307193e-03 
       2.493232377687e+00       1.383795962963e-03 
       2.692130395285e+00       1.145130569582e-03 
       2.906895534573e+00       9.468561844139e-04 
       3.138793597714e+00       7.822908210596e-04 
       3.389191366484e+00       6.458237634779e-04 
       3.659564657905e+00       5.327691035028e-04 
       3.951507022538e+00       4.391867760392e-04 
       4.266739136701e+00       3.617900547967e-04 
       4.607118943941e+00       2.978288583543e-04 
       4.974652605557e+00       2.450132502984e-04 
       5.371506324689e+00       2.014357614233e-04 
       5.800019113685e+00       1.655071940374e-04 
       6.262716579983e+00       1.359024025638e-04 
       6.762325811764e+00       1.115295787395e-04 
       7.301791451110e+00       9.147547807034e-05 
       7.884293049406e+00       7.498598199899e-05 
       8.513263807261e+00       6.143609565233e-05 
       9.192410809424e+00       5.030801750358e-05 
       9.925736873929e+00       4.117501457744e-05 
       1.071756414427e+01       3.368351768405e-05 
       1.157255956364e+01       2.754134260465e-05 
       1.249576238137e+01       2.250877443742e-05 
       1.349261385375e+01       1.838740157012e-05 
       1.456898931416e+01       1.501402798202e-05 
       1.573123280165e+01       1.225420907679e-05 
       1.698619445202e+01       9.997332918553e-06 
       1.834127087176e+01       8.152946506533e-06 
       1.980444873285e+01       6.645993895681e-06 
       2.138435184532e+01       5.415497640832e-06 
       2.309029198506e+01       4.411114930277e-06 
       2.493232377636e+01       3.591610118838e-06 
       2.692130395282e+01       2.923320195194e-06 
       2.906895534573e+01       2.378478692532e-06 
       3.138793597714e+01       1.934486477873e-06 
       3.389191366484e+01       1.572831194156e-06 
       3.659564657905e+01       1.278317039670e-06 
       3.951507022538e+01       1.038596232658e-06 
       4.266739136701e+01       8.435298533442e-07 
       4.607118943941e+01       6.848620256780e-07 
       4.974652605557e+01       5.558268223472e-07 
       5.371506324689e+01       4.509504498938e-07 
       5.800019113685e+01       3.657180792593e-07 
       6.262716579983e+01       2.964769066956e-07 
       6.762325811764e+01       2.402428989057e-07 
