# Matter power spectrum P(k) at redshift z=0
# for k=1.04775e-05 to 134.926 h/Mpc,
# number of wavenumbers equal to 255
#    1:k (h/Mpc)              2:P (Mpc/h)^3        
       1.047750691338e-05       5.020963906804e+01 
       1.131335172818e-05       5.407048937136e+01 
       1.221587619877e-05       5.822820724033e+01 
       1.319039970550e-05       6.270562047153e+01 
       1.424266598317e-05       6.752731476088e+01 
       1.537887697396e-05       7.271975715401e+01 
       1.660572938097e-05       7.831147101196e+01 
       1.793045413791e-05       8.433312302045e+01 
       1.936085902737e-05       9.081780130650e+01 
       2.090537469909e-05       9.780107419323e+01 
       2.257310435923e-05       1.053212938597e+02 
       2.437387742372e-05       1.134197268469e+02 
       2.631830745176e-05       1.221408285619e+02 
       2.841785470091e-05       1.315324590475e+02 
       3.068489367268e-05       1.416461671289e+02 
       3.313278604643e-05       1.525374479036e+02 
       3.577595943165e-05       1.642660517107e+02 
       3.862999240274e-05       1.768963429418e+02 
       4.171170631739e-05       1.904975997742e+02 
       4.503926445983e-05       2.051444243234e+02 
       4.863227909323e-05       2.209171412048e+02 
       5.251192705226e-05       2.379022266018e+02 
       5.670107455699e-05       2.561927841259e+02 
       6.122441198393e-05       2.758890480998e+02 
       6.610859938837e-05       2.970989213999e+02 
       7.138242363583e-05       3.199385559933e+02 
       7.707696806873e-05       3.445329727005e+02 
       8.322579570814e-05       3.710167324002e+02 
       8.986514707061e-05       3.995346444125e+02 
       9.703415376577e-05       4.302425389361e+02 
       1.047750691338e-04       4.633080773456e+02 
       1.131335172818e-04       4.989116271223e+02 
       1.221587619877e-04       5.372471939077e+02 
       1.319039970550e-04       5.785234123446e+02 
       1.424266598317e-04       6.229645933454e+02 
       1.537887697396e-04       6.708118496027e+02 
       1.660572938097e-04       7.223242658735e+02 
       1.793045413791e-04       7.777801569589e+02 
       1.936085902737e-04       8.374783640772e+02 
       2.090537469909e-04       9.017396289739e+02 
       2.257310435923e-04       9.709080297676e+02 
       2.437387742372e-04       1.045352453316e+03 
       2.631830745176e-04       1.125468127737e+03 
       2.841785470091e-04       1.211678185949e+03 
       3.068489367268e-04       1.304435256019e+03 
       3.313278604643e-04       1.404223062923e+03 
       3.577595943165e-04       1.511558029578e+03 
       3.862999240274e-04       1.626990852554e+03 
       4.171170631739e-04       1.751108045600e+03 
       4.503926445983e-04       1.884533404752e+03 
       4.863227909323e-04       2.027929406954e+03 
       5.251192705226e-04       2.181998483908e+03 
       5.670107455699e-04       2.347484146061e+03 
       6.122441198393e-04       2.525171925185e+03 
       6.610859938837e-04       2.715890054963e+03 
       7.138242363583e-04       2.920509779301e+03 
       7.707696806873e-04       3.139945208019e+03 
       8.322579570814e-04       3.375152476971e+03 
       8.986514707061e-04       3.627128020395e+03 
       9.703415376577e-04       3.896905669418e+03 
       1.047750691338e-03       4.185552452479e+03 
       1.131335172818e-03       4.494162775375e+03 
       1.221587619877e-03       4.823851150310e+03 
       1.319039970550e-03       5.175743278305e+03 
       1.424266598317e-03       5.551020298045e+03 
       1.537887697396e-03       5.950789184395e+03 
       1.660572938097e-03       6.376124148373e+03 
       1.793045413791e-03       6.828075233897e+03 
       1.936085902737e-03       7.307627046782e+03 
       2.090537469909e-03       7.815673952309e+03 
       2.257310435923e-03       8.352992912435e+03 
       2.437387742372e-03       8.920214289821e+03 
       2.631830745176e-03       9.517787141379e+03 
       2.841785470091e-03       1.014594126755e+04 
       3.068489367268e-03       1.080465137003e+04 
       3.313278604643e-03       1.149358220649e+04 
       3.577595943165e-03       1.221204584563e+04 
       3.862999240274e-03       1.295893732557e+04 
       4.171170631739e-03       1.373267452467e+04 
       4.503926445983e-03       1.453113570304e+04 
       4.863227909323e-03       1.535157060084e+04 
       5.251192705226e-03       1.619066156955e+04 
       5.670107455699e-03       1.704433642269e+04 
       6.122441198393e-03       1.790757907563e+04 
       6.610859938837e-03       1.877462102589e+04 
       7.138242363583e-03       1.963873958783e+04 
       7.707696806873e-03       2.049216649572e+04 
       8.322579570814e-03       2.132607778635e+04 
       8.986514707061e-03       2.213055543076e+04 
       9.703415376577e-03       2.289445253985e+04 
       1.047750691338e-02       2.360546732276e+04 
       1.131335172818e-02       2.425020273498e+04 
       1.221587619877e-02       2.481419255789e+04 
       1.319039970550e-02       2.528212405315e+04 
       1.424266598317e-02       2.563804655936e+04 
       1.537887697392e-02       2.586593219954e+04 
       1.660572938023e-02       2.595007571905e+04 
       1.793045412706e-02       2.587609039363e+04 
       1.936085890181e-02       2.563184292516e+04 
       2.090537352463e-02       2.520888989210e+04 
       2.257309535333e-02       2.460383457214e+04 
       2.437382002918e-02       2.382008169062e+04 
       2.631799944462e-02       2.286940902884e+04 
       2.841644545389e-02       2.177315616831e+04 
       3.067933355377e-02       2.056388976279e+04 
       3.311368470740e-02       1.928520415980e+04 
       3.571840443502e-02       1.799142235039e+04 
       3.847720348444e-02       1.674370166621e+04 
       4.135335538431e-02       1.560084817164e+04 
       4.429361667738e-02       1.460593656404e+04 
       4.724366439141e-02       1.377536800372e+04 
       5.016480835311e-02       1.309913481522e+04 
       5.303989620246e-02       1.255041680831e+04 
       5.586870669566e-02       1.209663300965e+04 
       5.866042680613e-02       1.170615838675e+04 
       6.142798932958e-02       1.135104275599e+04 
       6.418496440164e-02       1.100813656495e+04 
       6.694418833788e-02       1.065927308714e+04 
       6.971731106057e-02       1.029110562180e+04 
       7.251476155766e-02       9.895418478020e+03 
       7.534587671527e-02       9.469051914340e+03 
       7.821907666265e-02       9.013586291659e+03 
       8.114203772912e-02       8.535206689239e+03 
       8.412184535029e-02       8.043598566580e+03 
       8.716512279304e-02       7.551145519724e+03 
       9.027813695930e-02       7.071580169336e+03 
       9.346688431697e-02       6.618247331339e+03 
       9.673716028276e-02       6.203085181565e+03 
       1.000946150830e-01       5.834880704301e+03 
       1.035447986537e-01       5.518667328679e+03 
       1.070931966762e-01       5.254943167782e+03 
       1.107452594425e-01       5.039487289260e+03 
       1.145064249153e-01       4.863440193997e+03 
       1.183821370918e-01       4.714034295975e+03 
       1.223778605862e-01       4.575816085486e+03 
       1.264990921987e-01       4.432515291967e+03 
       1.307513701367e-01       4.269927451249e+03 
       1.351402814784e-01       4.078842017392e+03 
       1.396714684203e-01       3.857349152336e+03 
       1.443506338194e-01       3.611806537178e+03 
       1.491835465229e-01       3.355592837823e+03 
       1.541760469708e-01       3.105726936274e+03 
       1.593340535561e-01       2.878873291953e+03 
       1.646635702297e-01       2.686932014005e+03 
       1.701706958456e-01       2.534199662664e+03 
       1.758616357459e-01       2.416253648119e+03 
       1.817427160982e-01       2.321011800280e+03 
       1.878204015065e-01       2.232886285776e+03 
       1.941013164283e-01       2.135042913303e+03 
       2.005922709503e-01       2.017090137193e+03 
       2.073002914972e-01       1.880034912836e+03 
       2.142326570816e-01       1.735253834820e+03 
       2.213969417533e-01       1.597859038773e+03 
       2.288010639706e-01       1.479658364372e+03 
       2.364533437147e-01       1.385322478326e+03 
       2.443625682930e-01       1.310559154952e+03 
       2.525380679504e-01       1.243719189827e+03 
       2.609898026346e-01       1.172679585583e+03 
       2.697284615565e-01       1.092089590769e+03 
       2.787655775689e-01       1.005397052427e+03 
       2.881136588829e-01       9.222670110545e+02 
       2.977863412677e-01       8.510817452349e+02 
       3.077985646929e-01       7.923195036366e+02 
       3.181667794071e-01       7.399810915825e+02 
       3.289091877812e-01       6.868684189753e+02 
       3.400460299658e-01       6.304667756029e+02 
       3.515999236474e-01       5.746988704913e+02 
       3.635962711085e-01       5.244325538653e+02 
       3.760637506334e-01       4.808146026402e+02 
       3.890349143879e-01       4.402324542655e+02 
       4.025469216825e-01       3.997467952279e+02 
       4.166424456376e-01       3.599015021814e+02 
       4.313708035863e-01       3.231344695709e+02 
       4.467893782977e-01       2.898454945036e+02 
       4.629654199664e-01       2.585314898691e+02 
       4.799783501994e-01       2.282105155866e+02 
       4.979227319373e-01       1.997729523989e+02 
       5.169121270864e-01       1.737951441612e+02 
       5.370841404489e-01       1.494121579720e+02 
       5.586070464571e-01       1.265366911458e+02 
       5.816885094930e-01       1.055734736477e+02 
       6.065870144995e-01       8.631303256388e+01 
       6.336266468475e-01       6.870756502425e+01 
       6.632156059511e-01       5.293219500171e+01 
       6.958678639263e-01       3.895982127174e+01 
       7.322247985589e-01       2.694436938264e+01 
       7.730680195114e-01       1.699367618407e+01 
       8.193049553677e-01       9.270499893479e+00 
       8.718988016039e-01       3.893039382668e+00 
       9.317218031082e-01       8.731705111604e-01 
       9.993660908989e-01       1.088300657828e-03 
       1.075037110174e+00       7.818165339321e-01 
       1.158653485707e+00       2.488633272004e+00 
       1.250099157308e+00       4.334775509363e+00 
       1.349432401273e+00       5.667482044404e+00 
       1.456947457397e+00       6.105917643551e+00 
       1.573135111331e+00       5.592284714636e+00 
       1.698621895592e+00       4.353823729119e+00 
       1.834127512934e+00       2.803896030086e+00 
       1.980444934528e+00       1.391594210422e+00 
       2.138435191726e+00       4.366813800386e-01 
       2.309029199186e+00       3.181449091115e-02 
       2.493232377687e+00       4.547774365632e-02 
       2.692130395285e+00       2.186573889783e-01 
       2.906895534573e+00       3.267698429428e-01 
       3.138793597714e+00       2.839271938473e-01 
       3.389191366484e+00       1.523096138645e-01 
       3.659564657905e+00       3.814686038279e-02 
       3.951507022538e+00       1.595301253541e-04 
       4.266739136701e+00       1.226751688510e-02 
       4.607118943941e+00       2.289541734823e-02 
       4.974652605557e+00       1.453098734505e-02 
       5.371506324689e+00       2.840618991296e-03 
       5.800019113685e+00       1.244906431881e-04 
       6.262716579983e+00       1.728943363252e-03 
       6.762325811764e+00       1.211346223613e-03 
       7.301791451110e+00       9.944973416418e-05 
       7.884293049406e+00       1.071956218359e-04 
       8.513263807261e+00       5.767377799089e-05 
       9.192410809424e+00       8.293184140902e-05 
       9.925736873929e+00       9.707256969489e-06 
       1.071756414427e+01       7.782762333796e-06 
       1.157255956364e+01       1.381840563471e-05 
       1.249576238137e+01       5.858718826970e-07 
       1.349261385375e+01       1.641101088804e-08 
       1.456898931416e+01       3.770267379296e-07 
       1.573123280165e+01       1.907838849766e-06 
       1.698619445202e+01       4.978060842085e-05 
       1.834127087176e+01       7.335941091742e-05 
       1.980444873285e+01       2.579765312925e-05 
       2.138435184532e+01       2.895395683654e-05 
       2.309029198506e+01       1.485793043429e-07 
       2.493232377636e+01       1.621087872738e-05 
       2.692130395282e+01       9.623182897124e-04 
       2.906895534573e+01       3.777744438465e-08 
       3.138793597714e+01       1.987777785374e-05 
       3.389191366484e+01       3.287437021290e-04 
       3.659564657905e+01       5.762005391326e-06 
       3.951507022538e+01       5.004649905097e-04 
       4.266739136701e+01       2.616321278976e-05 
       4.607118943941e+01       2.689149944850e-04 
       4.974652605557e+01       1.174326189325e-04 
       5.371506324689e+01       2.035043639910e-05 
       5.800019113685e+01       8.385633152460e-06 
       6.262716579983e+01       1.995082117568e-04 
       6.762325811764e+01       1.936718994815e-04 
       7.301791451110e+01       1.176026744364e-04 
       7.884293049406e+01       5.634590867660e-09 
       8.513263807261e+01       7.006719949776e-05 
       9.192410809424e+01       6.755917348129e-05 
       9.925736873929e+01       1.553063734192e-06 
       1.071756414427e+02       2.937438098736e-06 
       1.157255956364e+02       1.239845243606e-04 
       1.249576238137e+02       1.421114349491e-05 
       1.349261385375e+02       1.081274167215e-04 
