# Matter power spectrum P(k) at redshift z=99
# for k=1.04775e-05 to 67.6233 h/Mpc,
# number of wavenumbers equal to 246
#    1:k (h/Mpc)              2:P (Mpc/h)^3        
       1.047750691338e-05       7.261927673120e-03 
       1.131335172818e-05       7.820331745738e-03 
       1.221587619877e-05       8.421675986489e-03 
       1.319039970550e-05       9.069258192195e-03 
       1.424266598317e-05       9.766638404422e-03 
       1.537887697396e-05       1.051764069682e-02 
       1.660572938097e-05       1.132639105520e-02 
       1.793045413791e-05       1.219733231417e-02 
       1.936085902737e-05       1.313524224381e-02 
       2.090537469909e-05       1.414527121893e-02 
       2.257310435923e-05       1.523296272192e-02 
       2.437387742372e-05       1.640429444530e-02 
       2.631830745176e-05       1.766569582178e-02 
       2.841785470091e-05       1.902408601793e-02 
       3.068489367268e-05       2.048692970592e-02 
       3.313278604643e-05       2.206225513594e-02 
       3.577595943165e-05       2.375870704909e-02 
       3.862999240274e-05       2.558560727479e-02 
       4.171170631739e-05       2.755297763344e-02 
       4.503926445983e-05       2.967161927316e-02 
       4.863227909323e-05       3.195316450832e-02 
       5.251192705226e-05       3.441013519285e-02 
       5.670107455699e-05       3.705601722529e-02 
       6.122441198393e-05       3.990533413562e-02 
       6.610859938837e-05       4.297372168203e-02 
       7.138242363583e-05       4.627802141689e-02 
       7.707696806873e-05       4.983636194159e-02 
       8.322579570814e-05       5.366826847232e-02 
       8.986514707061e-05       5.779476394569e-02 
       9.703415376577e-05       6.223848243885e-02 
       1.047750691338e-04       6.702379865640e-02 
       1.131335172818e-04       7.217695153381e-02 
       1.221587619877e-04       7.772619073574e-02 
       1.319039970550e-04       8.370193432377e-02 
       1.424266598317e-04       9.013692507549e-02 
       1.537887697396e-04       9.706641242571e-02 
       1.660572938097e-04       1.045283354272e-01 
       1.793045413791e-04       1.125635349068e-01 
       1.936085902737e-04       1.212159614968e-01 
       2.090537469909e-04       1.305329132715e-01 
       2.257310435923e-04       1.405652846215e-01 
       2.437387742372e-04       1.513678302540e-01 
       2.631830745176e-04       1.629994504871e-01 
       2.841785470091e-04       1.755234921225e-01 
       3.068489367268e-04       1.890080670413e-01 
       3.313278604643e-04       2.035264002435e-01 
       3.577595943165e-04       2.191571803681e-01 
       3.862999240274e-04       2.359849437592e-01 
       4.171170631739e-04       2.541004741539e-01 
       4.503926445983e-04       2.736012080278e-01 
       4.863227909323e-04       2.945916790965e-01 
       5.251192705226e-04       3.171839525183e-01 
       5.670107455699e-04       3.414980764002e-01 
       6.122441198393e-04       3.676625413101e-01 
       6.610859938837e-04       3.958147252304e-01 
       7.138242363583e-04       4.261013284923e-01 
       7.707696806873e-04       4.586787792351e-01 
       8.322579570814e-04       4.937136001343e-01 
       8.986514707061e-04       5.313826801402e-01 
       9.703415376577e-04       5.718734972158e-01 
       1.047750691338e-03       6.153841629505e-01 
       1.131335172818e-03       6.621233239466e-01 
       1.221587619877e-03       7.123098220426e-01 
       1.319039970550e-03       7.661720584204e-01 
       1.424266598317e-03       8.239546297730e-01 
       1.537887697396e-03       8.859011173467e-01 
       1.660572938097e-03       9.522588006399e-01 
       1.793045413791e-03       1.023280099819e+00 
       1.936085902737e-03       1.099216304579e+00 
       2.090537469909e-03       1.180312990453e+00 
       2.257310435923e-03       1.266804115851e+00 
       2.437387742372e-03       1.358904853405e+00 
       2.631830745176e-03       1.456802683156e+00 
       2.841785470091e-03       1.560646890521e+00 
       3.068489367268e-03       1.670536062497e+00 
       3.313278604643e-03       1.786503852157e+00 
       3.577595943165e-03       1.908502930785e+00 
       3.862999240274e-03       2.036387730705e+00 
       4.171170631739e-03       2.169896178229e+00 
       4.503926445983e-03       2.308631878987e+00 
       4.863227909323e-03       2.452047290952e+00 
       5.251192705226e-03       2.599430628073e+00 
       5.670107455699e-03       2.749896931783e+00 
       6.122441198393e-03       2.902386513356e+00 
       6.610859938837e-03       3.055668707745e+00 
       7.138242363583e-03       3.208356461484e+00 
       7.707696806873e-03       3.358923892627e+00 
       8.322579570814e-03       3.505725595188e+00 
       8.986514707061e-03       3.647009927666e+00 
       9.703415376577e-03       3.780923304035e+00 
       1.047750691338e-02       3.905491070301e+00 
       1.131335172818e-02       4.018588039427e+00 
       1.221587619877e-02       4.117901590018e+00 
       1.319039970550e-02       4.200915402214e+00 
       1.424266598317e-02       4.264943474769e+00 
       1.537887697392e-02       4.307218173940e+00 
       1.660572938023e-02       4.325058284813e+00 
       1.793045412706e-02       4.316057036467e+00 
       1.936085890181e-02       4.278229402311e+00 
       2.090537352463e-02       4.210206686960e+00 
       2.257309535333e-02       4.111418062407e+00 
       2.437382002918e-02       3.982426933194e+00 
       2.631799944462e-02       3.825168289823e+00 
       2.841644545389e-02       3.643275482683e+00 
       3.067933355377e-02       3.442203314608e+00 
       3.311368470740e-02       3.229234765594e+00 
       3.571840443502e-02       3.013516457343e+00 
       3.847720348444e-02       2.805285019573e+00 
       4.135335538431e-02       2.614404250087e+00 
       4.429361667738e-02       2.448143259482e+00 
       4.724366439141e-02       2.309236253902e+00 
       5.016480835311e-02       2.196109622365e+00 
       5.303989620246e-02       2.104362877476e+00 
       5.586870669566e-02       2.028462667140e+00 
       5.866042680613e-02       1.963156030388e+00 
       6.142798932958e-02       1.903780409758e+00 
       6.418496440164e-02       1.846479506667e+00 
       6.694418833788e-02       1.788197600088e+00 
       6.971731106057e-02       1.726713523476e+00 
       7.251476155766e-02       1.660657029574e+00 
       7.534587671527e-02       1.589470655521e+00 
       7.821907666265e-02       1.513438725730e+00 
       8.114203772912e-02       1.433568132377e+00 
       8.412184535029e-02       1.351492051751e+00 
       8.716512279304e-02       1.269273572899e+00 
       9.027813695930e-02       1.189194466221e+00 
       9.346688431697e-02       1.113501598524e+00 
       9.673716028276e-02       1.044173684566e+00 
       1.000946150830e-01       9.827100627347e-01 
       1.035447986537e-01       9.299366150138e-01 
       1.070931966762e-01       8.859558616459e-01 
       1.107452594425e-01       8.500708110415e-01 
       1.145064249153e-01       8.208013468291e-01 
       1.183821370918e-01       7.960234696722e-01 
       1.223778605862e-01       7.731442590685e-01 
       1.264990921987e-01       7.494509278564e-01 
       1.307513701367e-01       7.225548613310e-01 
       1.351402814784e-01       6.909072888907e-01 
       1.396714684203e-01       6.541790710924e-01 
       1.443506338194e-01       6.134250833053e-01 
       1.491835465229e-01       5.708651915568e-01 
       1.541760469708e-01       5.293617098074e-01 
       1.593340535561e-01       4.917099644143e-01 
       1.646635702297e-01       4.599170760281e-01 
       1.701706958456e-01       4.347255249909e-01 
       1.758616357459e-01       4.154058366784e-01 
       1.817427160982e-01       3.999337322011e-01 
       1.878204015065e-01       3.856794383698e-01 
       1.941013164283e-01       3.698062073147e-01 
       2.005922709503e-01       3.505425750109e-01 
       2.073002914972e-01       3.280392701149e-01 
       2.142326570816e-01       3.042101375024e-01 
       2.213969417533e-01       2.816082697110e-01 
       2.288010639706e-01       2.622528352673e-01 
       2.364533437147e-01       2.469575314102e-01 
       2.443625682930e-01       2.350076989334e-01 
       2.525380679504e-01       2.244125171481e-01 
       2.609898026346e-01       2.130873245776e-01 
       2.697284615565e-01       2.000958977821e-01 
       2.787655775689e-01       1.860131086904e-01 
       2.881136588829e-01       1.725112283576e-01 
       2.977863412677e-01       1.610597221586e-01 
       3.077985646929e-01       1.517538465064e-01 
       3.181667794071e-01       1.435521806378e-01 
       3.289091877812e-01       1.351736165570e-01 
       3.400460299658e-01       1.261562124755e-01 
       3.515999236474e-01       1.171932915865e-01 
       3.635962711085e-01       1.091677771575e-01 
       3.760637506334e-01       1.022999861759e-01 
       3.890349143879e-01       9.592745894796e-02 
       4.025469216825e-01       8.949703077443e-02 
       4.166424456376e-01       8.310063910070e-02 
       4.313708035863e-01       7.720386011146e-02 
       4.467893782977e-01       7.188832835861e-02 
       4.629654199664e-01       6.685640240655e-02 
       4.799783501994e-01       6.190423050146e-02 
       4.979227319373e-01       5.720819769499e-02 
       5.169121270864e-01       5.288822053497e-02 
       5.370841404489e-01       4.875432127420e-02 
       5.586070464571e-01       4.477458470837e-02 
       5.816885094930e-01       4.103468403904e-02 
       6.065870144995e-01       3.747179850831e-02 
       6.336266468475e-01       3.405721267179e-02 
       6.632156059511e-01       3.081456863080e-02 
       6.958678639263e-01       2.770699856128e-02 
       7.322247985589e-01       2.474436014438e-02 
       7.730680195114e-01       2.191546180689e-02 
       8.193049553677e-01       1.923037810804e-02 
       8.718988016039e-01       1.670171793312e-02 
       9.317218031082e-01       1.435447882173e-02 
       9.993660908989e-01       1.221862001711e-02 
       1.075037110174e+00       1.031796633863e-02 
       1.158653485707e+00       8.662281838003e-03 
       1.250099157308e+00       7.244155701970e-03 
       1.349432401273e+00       6.041892006651e-03 
       1.456947457397e+00       5.028848637436e-03 
       1.573135111331e+00       4.177959084814e-03 
       1.698621895592e+00       3.464599569265e-03 
       1.834127512934e+00       2.867333838265e-03 
       1.980444934528e+00       2.367701602405e-03 
       2.138435191726e+00       1.950172008838e-03 
       2.309029199186e+00       1.601525671327e-03 
       2.493232377687e+00       1.310643846249e-03 
       2.692130395285e+00       1.068147578795e-03 
       2.906895534573e+00       8.661628911085e-04 
       3.138793597714e+00       6.980913523488e-04 
       3.389191366484e+00       5.584257876907e-04 
       3.659564657905e+00       4.425756939835e-04 
       3.951507022538e+00       3.467250250274e-04 
       4.266739136701e+00       2.677194810417e-04 
       4.607118943941e+00       2.029589202387e-04 
       4.974652605557e+00       1.502891643060e-04 
       5.371506324689e+00       1.079566063406e-04 
       5.800019113685e+00       7.448786872741e-05 
       6.262716579983e+00       4.866039438649e-05 
       6.762325811764e+00       2.941627639355e-05 
       7.301791451110e+00       1.581307267838e-05 
       7.884293049406e+00       6.970242075903e-06 
       8.513263807261e+00       2.026942975264e-06 
       9.192410809424e+00       1.155779780576e-07 
       9.925736873929e+00       3.550213702781e-07 
       1.071756414427e+01       1.869470393780e-06 
       1.157255956364e+01       3.834542643981e-06 
       1.249576238137e+01       5.547637269918e-06 
       1.349261385375e+01       6.506791579206e-06 
       1.456898931416e+01       6.479903591394e-06 
       1.573123280165e+01       5.531132347281e-06 
       1.698619445202e+01       3.983525448610e-06 
       1.834127087176e+01       2.305946201425e-06 
       1.980444873285e+01       9.488093546967e-07 
       2.138435184532e+01       1.815152726914e-07 
       2.309029198506e+01       3.582436182842e-09 
       2.493232377636e+01       1.812223812144e-07 
       2.692130395282e+01       3.994785023754e-07 
       2.906895534573e+01       4.457199989624e-07 
       3.138793597714e+01       3.072097731872e-07 
       3.389191366484e+01       1.184656384696e-07 
       3.659564657905e+01       1.170675608666e-08 
       3.951507022538e+01       7.004866435843e-09 
       4.266739136701e+01       3.380774942332e-08 
       4.607118943941e+01       3.331520860157e-08 
       4.974652605557e+01       1.190665636164e-08 
       5.371506324689e+01       2.740803852746e-10 
       5.800019113685e+01       2.097391471155e-09 
       6.262716579983e+01       3.195432934418e-09 
       6.762325811764e+01       8.406978299608e-10 
