# Matter power spectrum P(k) at redshift z=99
# for k=1.04775e-05 to 67.6233 h/Mpc,
# number of wavenumbers equal to 246
#    1:k (h/Mpc)              2:P (Mpc/h)^3        
       1.047750691338e-05       7.261927673120e-03 
       1.131335172818e-05       7.820331745738e-03 
       1.221587619877e-05       8.421675986490e-03 
       1.319039970550e-05       9.069258192195e-03 
       1.424266598317e-05       9.766638404422e-03 
       1.537887697396e-05       1.051764069682e-02 
       1.660572938097e-05       1.132639105520e-02 
       1.793045413791e-05       1.219733231417e-02 
       1.936085902737e-05       1.313524224381e-02 
       2.090537469909e-05       1.414527121893e-02 
       2.257310435923e-05       1.523296272192e-02 
       2.437387742372e-05       1.640429444530e-02 
       2.631830745176e-05       1.766569582178e-02 
       2.841785470091e-05       1.902408601793e-02 
       3.068489367268e-05       2.048692970592e-02 
       3.313278604643e-05       2.206225513594e-02 
       3.577595943165e-05       2.375870704909e-02 
       3.862999240274e-05       2.558560727479e-02 
       4.171170631739e-05       2.755297763344e-02 
       4.503926445983e-05       2.967161927316e-02 
       4.863227909323e-05       3.195316450832e-02 
       5.251192705226e-05       3.441013519285e-02 
       5.670107455699e-05       3.705601722526e-02 
       6.122441198393e-05       3.990533413560e-02 
       6.610859938837e-05       4.297372168203e-02 
       7.138242363583e-05       4.627802141689e-02 
       7.707696806873e-05       4.983636194159e-02 
       8.322579570814e-05       5.366826847232e-02 
       8.986514707061e-05       5.779476394569e-02 
       9.703415376577e-05       6.223848243885e-02 
       1.047750691338e-04       6.702379865640e-02 
       1.131335172818e-04       7.217695153381e-02 
       1.221587619877e-04       7.772619073574e-02 
       1.319039970550e-04       8.370193432377e-02 
       1.424266598317e-04       9.013692507549e-02 
       1.537887697396e-04       9.706641242571e-02 
       1.660572938097e-04       1.045283354272e-01 
       1.793045413791e-04       1.125635349068e-01 
       1.936085902737e-04       1.212159614968e-01 
       2.090537469909e-04       1.305329132715e-01 
       2.257310435923e-04       1.405652846215e-01 
       2.437387742372e-04       1.513678302540e-01 
       2.631830745176e-04       1.629994504871e-01 
       2.841785470091e-04       1.755234921225e-01 
       3.068489367268e-04       1.890080670413e-01 
       3.313278604643e-04       2.035264002435e-01 
       3.577595943165e-04       2.191571803681e-01 
       3.862999240274e-04       2.359849437593e-01 
       4.171170631739e-04       2.541004741539e-01 
       4.503926445983e-04       2.736012080278e-01 
       4.863227909323e-04       2.945916790965e-01 
       5.251192705226e-04       3.171839525182e-01 
       5.670107455699e-04       3.414980764002e-01 
       6.122441198393e-04       3.676625413101e-01 
       6.610859938837e-04       3.958147252304e-01 
       7.138242363583e-04       4.261013284910e-01 
       7.707696806873e-04       4.586787792354e-01 
       8.322579570814e-04       4.937136001353e-01 
       8.986514707061e-04       5.313826801402e-01 
       9.703415376577e-04       5.718734972158e-01 
       1.047750691338e-03       6.153841629506e-01 
       1.131335172818e-03       6.621233239466e-01 
       1.221587619877e-03       7.123098220418e-01 
       1.319039970550e-03       7.661720584254e-01 
       1.424266598317e-03       8.239546297730e-01 
       1.537887697396e-03       8.859011173466e-01 
       1.660572938097e-03       9.522588006425e-01 
       1.793045413791e-03       1.023280099819e+00 
       1.936085902737e-03       1.099216304579e+00 
       2.090537469909e-03       1.180312990454e+00 
       2.257310435923e-03       1.266804115850e+00 
       2.437387742372e-03       1.358904853403e+00 
       2.631830745176e-03       1.456802683156e+00 
       2.841785470091e-03       1.560646890521e+00 
       3.068489367268e-03       1.670536062498e+00 
       3.313278604643e-03       1.786503852152e+00 
       3.577595943165e-03       1.908502930788e+00 
       3.862999240274e-03       2.036387730708e+00 
       4.171170631739e-03       2.169896178220e+00 
       4.503926445983e-03       2.308631878992e+00 
       4.863227909323e-03       2.452047290959e+00 
       5.251192705226e-03       2.599430628084e+00 
       5.670107455699e-03       2.749896931824e+00 
       6.122441198393e-03       2.902386513377e+00 
       6.610859938837e-03       3.055668710692e+00 
       7.138242363583e-03       3.208356461536e+00 
       7.707696806873e-03       3.358923892736e+00 
       8.322579570814e-03       3.505724062936e+00 
       8.986514707061e-03       3.647009250843e+00 
       9.703415376577e-03       3.780923304254e+00 
       1.047750691338e-02       3.905491461494e+00 
       1.131335172818e-02       4.018587641297e+00 
       1.221587619877e-02       4.117901586140e+00 
       1.319039970550e-02       4.200915330838e+00 
       1.424266598317e-02       4.264942127292e+00 
       1.537887697392e-02       4.307218737353e+00 
       1.660572938023e-02       4.325060378202e+00 
       1.793045412706e-02       4.316059896712e+00 
       1.936085890181e-02       4.278228728352e+00 
       2.090537352463e-02       4.210203693326e+00 
       2.257309535333e-02       4.111418637088e+00 
       2.437382002918e-02       3.982422763247e+00 
       2.631799944462e-02       3.825166385520e+00 
       2.841644545389e-02       3.643279471033e+00 
       3.067933355377e-02       3.442195484880e+00 
       3.311368470740e-02       3.229233731709e+00 
       3.571840443502e-02       3.013511259838e+00 
       3.847720348444e-02       2.805286808888e+00 
       4.135335538431e-02       2.614423401139e+00 
       4.429361667738e-02       2.448131147876e+00 
       4.724366439141e-02       2.309232943626e+00 
       5.016480835311e-02       2.196114098759e+00 
       5.303989620246e-02       2.104368159310e+00 
       5.586870669566e-02       2.028466911790e+00 
       5.866042680613e-02       1.963152519373e+00 
       6.142798932958e-02       1.903786145560e+00 
       6.418496440164e-02       1.846479732409e+00 
       6.694418833788e-02       1.788200434075e+00 
       6.971731106057e-02       1.726719016070e+00 
       7.251476155766e-02       1.660651758203e+00 
       7.534587671527e-02       1.589472127243e+00 
       7.821907666265e-02       1.513435588971e+00 
       8.114203772912e-02       1.433569290014e+00 
       8.412184535029e-02       1.351491306687e+00 
       8.716512279304e-02       1.269273967725e+00 
       9.027813695930e-02       1.189193689515e+00 
       9.346688431697e-02       1.113503994241e+00 
       9.673716028276e-02       1.044173362053e+00 
       1.000946150830e-01       9.827076833784e-01 
       1.035447986537e-01       9.299379976946e-01 
       1.070931966762e-01       8.859595172747e-01 
       1.107452594425e-01       8.500712512933e-01 
       1.145064249153e-01       8.208045182630e-01 
       1.183821370918e-01       7.960255864813e-01 
       1.223778605862e-01       7.731465258432e-01 
       1.264990921987e-01       7.494520523151e-01 
       1.307513701367e-01       7.225571556888e-01 
       1.351402814784e-01       6.909077897571e-01 
       1.396714684203e-01       6.541811222268e-01 
       1.443506338194e-01       6.134257650803e-01 
       1.491835465229e-01       5.708677839693e-01 
       1.541760469708e-01       5.293645663331e-01 
       1.593340535561e-01       4.917108555760e-01 
       1.646635702297e-01       4.599198837815e-01 
       1.701706958456e-01       4.347279409016e-01 
       1.758616357459e-01       4.154074747742e-01 
       1.817427160982e-01       3.999375721804e-01 
       1.878204015065e-01       3.856829011618e-01 
       1.941013164283e-01       3.698088259083e-01 
       2.005922709503e-01       3.505457062568e-01 
       2.073002914972e-01       3.280431120892e-01 
       2.142326570816e-01       3.042153476316e-01 
       2.213969417533e-01       2.816119443719e-01 
       2.288010639706e-01       2.622570735017e-01 
       2.364533437147e-01       2.469620040373e-01 
       2.443625682930e-01       2.350133292470e-01 
       2.525380679504e-01       2.244183952138e-01 
       2.609898026346e-01       2.130950024591e-01 
       2.697284615565e-01       2.001022214526e-01 
       2.787655775689e-01       1.860203244051e-01 
       2.881136588829e-01       1.725170931202e-01 
       2.977863412677e-01       1.610660898367e-01 
       3.077985646929e-01       1.517612094135e-01 
       3.181667794071e-01       1.435592540757e-01 
       3.289091877812e-01       1.351818306480e-01 
       3.400460299658e-01       1.261641713525e-01 
       3.515999236474e-01       1.172016466211e-01 
       3.635962711085e-01       1.091768120540e-01 
       3.760637506334e-01       1.023094492635e-01 
       3.890349143879e-01       9.593783570426e-02 
       4.025469216825e-01       8.950757344432e-02 
       4.166424456376e-01       8.311168733711e-02 
       4.313708035863e-01       7.721551105417e-02 
       4.467893782977e-01       7.190055168419e-02 
       4.629654199664e-01       6.686898199735e-02 
       4.799783501994e-01       6.191740229406e-02 
       4.979227319373e-01       5.722207526175e-02 
       5.169121270864e-01       5.290292276814e-02 
       5.370841404489e-01       4.876971360877e-02 
       5.586070464571e-01       4.479090262668e-02 
       5.816885094930e-01       4.105181426600e-02 
       6.065870144995e-01       3.748989431616e-02 
       6.336266468475e-01       3.407632289512e-02 
       6.632156059511e-01       3.083463398078e-02 
       6.958678639263e-01       2.772826256924e-02 
       7.322247985589e-01       2.476712915991e-02 
       7.730680195114e-01       2.193962407687e-02 
       8.193049553677e-01       1.925617180567e-02 
       8.718988016039e-01       1.672920147454e-02 
       9.317218031082e-01       1.438415493100e-02 
       9.993660908989e-01       1.225064804839e-02 
       1.075037110174e+00       1.035257627863e-02 
       1.158653485707e+00       8.699706814657e-03 
       1.250099157308e+00       7.284591717401e-03 
       1.349432401273e+00       6.085448632910e-03 
       1.456947457397e+00       5.075702905242e-03 
       1.573135111331e+00       4.228284879399e-03 
       1.698621895592e+00       3.518541120024e-03 
       1.834127512934e+00       2.924975052832e-03 
       1.980444934528e+00       2.429140554711e-03 
       2.138435191726e+00       2.015503569788e-03 
       2.309029199186e+00       1.670767192550e-03 
       2.493232377687e+00       1.383779732165e-03 
       2.692130395285e+00       1.145122503940e-03 
       2.906895534573e+00       9.468444645778e-04 
       3.138793597714e+00       7.822806152685e-04 
       3.389191366484e+00       6.458161050817e-04 
       3.659564657905e+00       5.327588373894e-04 
       3.951507022538e+00       4.391745624466e-04 
       4.266739136701e+00       3.617814423815e-04 
       4.607118943941e+00       2.978203656512e-04 
       4.974652605557e+00       2.450057352566e-04 
       5.371506324689e+00       2.014280748029e-04 
       5.800019113685e+00       1.654995521119e-04 
       6.262716579983e+00       1.358951311547e-04 
       6.762325811764e+00       1.115216289304e-04 
       7.301791451110e+00       9.146750603197e-05 
       7.884293049406e+00       7.497878908052e-05 
       8.513263807261e+00       6.142834134124e-05 
       9.192410809424e+00       5.030018682794e-05 
       9.925736873929e+00       4.116691144573e-05 
       1.071756414427e+01       3.367527419411e-05 
       1.157255956364e+01       2.753314052362e-05 
       1.249576238137e+01       2.250039689250e-05 
       1.349261385375e+01       1.837910728662e-05 
       1.456898931416e+01       1.500549889586e-05 
       1.573123280165e+01       1.224563883710e-05 
       1.698619445202e+01       9.988562261527e-06 
       1.834127087176e+01       8.143903931754e-06 
       1.980444873285e+01       6.636806413032e-06 
       2.138435184532e+01       5.405972628375e-06 
       2.309029198506e+01       4.401321025555e-06 
       2.493232377636e+01       3.581480909736e-06 
       2.692130395282e+01       2.912778980335e-06 
       2.906895534573e+01       2.367537475207e-06 
       3.138793597714e+01       1.923106869993e-06 
       3.389191366484e+01       1.560930934236e-06 
       3.659564657905e+01       1.265891216213e-06 
       3.951507022538e+01       1.025584627005e-06 
       4.266739136701e+01       8.298915298764e-07 
       4.607118943941e+01       6.705590013461e-07 
       4.974652605557e+01       5.408335658063e-07 
       5.371506324689e+01       4.352248715453e-07 
       5.800019113685e+01       3.492419343307e-07 
       6.262716579983e+01       2.792331420616e-07 
       6.762325811764e+01       2.222360513416e-07 
