# Matter power spectrum P(k) at redshift z=99
# for k=1.04775e-05 to 67.6233 h/Mpc,
# number of wavenumbers equal to 246
#    1:k (h/Mpc)              2:P (Mpc/h)^3        
       1.047750691338e-05       7.261927673119e-03 
       1.131335172818e-05       7.820331745737e-03 
       1.221587619877e-05       8.421675986488e-03 
       1.319039970550e-05       9.069258192194e-03 
       1.424266598317e-05       9.766638404421e-03 
       1.537887697396e-05       1.051764069682e-02 
       1.660572938097e-05       1.132639105520e-02 
       1.793045413791e-05       1.219733231416e-02 
       1.936085902737e-05       1.313524224380e-02 
       2.090537469909e-05       1.414527121893e-02 
       2.257310435923e-05       1.523296272192e-02 
       2.437387742372e-05       1.640429444530e-02 
       2.631830745176e-05       1.766569582177e-02 
       2.841785470091e-05       1.902408601793e-02 
       3.068489367268e-05       2.048692970591e-02 
       3.313278604643e-05       2.206225513594e-02 
       3.577595943165e-05       2.375870704909e-02 
       3.862999240274e-05       2.558560727479e-02 
       4.171170631739e-05       2.755297763344e-02 
       4.503926445983e-05       2.967161927315e-02 
       4.863227909323e-05       3.195316450832e-02 
       5.251192705226e-05       3.441013519284e-02 
       5.670107455699e-05       3.705601722527e-02 
       6.122441198393e-05       3.990533413560e-02 
       6.610859938837e-05       4.297372168203e-02 
       7.138242363583e-05       4.627802141688e-02 
       7.707696806873e-05       4.983636194159e-02 
       8.322579570814e-05       5.366826847231e-02 
       8.986514707061e-05       5.779476394568e-02 
       9.703415376577e-05       6.223848243885e-02 
       1.047750691338e-04       6.702379865640e-02 
       1.131335172818e-04       7.217695153381e-02 
       1.221587619877e-04       7.772619073573e-02 
       1.319039970550e-04       8.370193432376e-02 
       1.424266598317e-04       9.013692507546e-02 
       1.537887697396e-04       9.706641242570e-02 
       1.660572938097e-04       1.045283354271e-01 
       1.793045413791e-04       1.125635349068e-01 
       1.936085902737e-04       1.212159614968e-01 
       2.090537469909e-04       1.305329132714e-01 
       2.257310435923e-04       1.405652846215e-01 
       2.437387742372e-04       1.513678302540e-01 
       2.631830745176e-04       1.629994504870e-01 
       2.841785470091e-04       1.755234921224e-01 
       3.068489367268e-04       1.890080670413e-01 
       3.313278604643e-04       2.035264002435e-01 
       3.577595943165e-04       2.191571803681e-01 
       3.862999240274e-04       2.359849437592e-01 
       4.171170631739e-04       2.541004741539e-01 
       4.503926445983e-04       2.736012080277e-01 
       4.863227909323e-04       2.945916790965e-01 
       5.251192705226e-04       3.171839525183e-01 
       5.670107455699e-04       3.414980764002e-01 
       6.122441198393e-04       3.676625413100e-01 
       6.610859938837e-04       3.958147252304e-01 
       7.138242363583e-04       4.261013284912e-01 
       7.707696806873e-04       4.586787792354e-01 
       8.322579570814e-04       4.937136001342e-01 
       8.986514707061e-04       5.313826801402e-01 
       9.703415376577e-04       5.718734972157e-01 
       1.047750691338e-03       6.153841629505e-01 
       1.131335172818e-03       6.621233239466e-01 
       1.221587619877e-03       7.123098220426e-01 
       1.319039970550e-03       7.661720584790e-01 
       1.424266598317e-03       8.239546297731e-01 
       1.537887697396e-03       8.859011173466e-01 
       1.660572938097e-03       9.522588006419e-01 
       1.793045413791e-03       1.023280099819e+00 
       1.936085902737e-03       1.099216304579e+00 
       2.090537469909e-03       1.180312990453e+00 
       2.257310435923e-03       1.266804115852e+00 
       2.437387742372e-03       1.358904853405e+00 
       2.631830745176e-03       1.456802683156e+00 
       2.841785470091e-03       1.560646890522e+00 
       3.068489367268e-03       1.670536062499e+00 
       3.313278604643e-03       1.786503852159e+00 
       3.577595943165e-03       1.908502930789e+00 
       3.862999240274e-03       2.036387730709e+00 
       4.171170631739e-03       2.169896178187e+00 
       4.503926445983e-03       2.308631878994e+00 
       4.863227909323e-03       2.452047290962e+00 
       5.251192705226e-03       2.599430628088e+00 
       5.670107455699e-03       2.749896931818e+00 
       6.122441198393e-03       2.902386513384e+00 
       6.610859938837e-03       3.055668699160e+00 
       7.138242363583e-03       3.208356461545e+00 
       7.707696806873e-03       3.358923892441e+00 
       8.322579570814e-03       3.505725594978e+00 
       8.986514707061e-03       3.647009591970e+00 
       9.703415376577e-03       3.780923304249e+00 
       1.047750691338e-02       3.905491531797e+00 
       1.131335172818e-02       4.018588040450e+00 
       1.221587619877e-02       4.117901585312e+00 
       1.319039970550e-02       4.200915341697e+00 
       1.424266598317e-02       4.264944067059e+00 
       1.537887697392e-02       4.307220085402e+00 
       1.660572938023e-02       4.325062302996e+00 
       1.793045412706e-02       4.316057039344e+00 
       1.936085890181e-02       4.278232197745e+00 
       2.090537352463e-02       4.210200709829e+00 
       2.257309535333e-02       4.111417776790e+00 
       2.437382002918e-02       3.982424379803e+00 
       2.631799944462e-02       3.825173722506e+00 
       2.841644545389e-02       3.643281640152e+00 
       3.067933355377e-02       3.442198114457e+00 
       3.311368470740e-02       3.229238296833e+00 
       3.571840443502e-02       3.013507665612e+00 
       3.847720348444e-02       2.805272092771e+00 
       4.135335538431e-02       2.614418907461e+00 
       4.429361667738e-02       2.448140616889e+00 
       4.724366439141e-02       2.309235031617e+00 
       5.016480835311e-02       2.196115191131e+00 
       5.303989620246e-02       2.104368829873e+00 
       5.586870669566e-02       2.028463397376e+00 
       5.866042680613e-02       1.963152122273e+00 
       6.142798932958e-02       1.903778998824e+00 
       6.418496440164e-02       1.846478607550e+00 
       6.694418833788e-02       1.788198030102e+00 
       6.971731106057e-02       1.726720933496e+00 
       7.251476155766e-02       1.660653741675e+00 
       7.534587671527e-02       1.589470610201e+00 
       7.821907666265e-02       1.513438678808e+00 
       8.114203772912e-02       1.433567417811e+00 
       8.412184535029e-02       1.351490876268e+00 
       8.716512279304e-02       1.269273955062e+00 
       9.027813695930e-02       1.189192052809e+00 
       9.346688431697e-02       1.113500967399e+00 
       9.673716028276e-02       1.044175183858e+00 
       1.000946150830e-01       9.827062202471e-01 
       1.035447986537e-01       9.299418895009e-01 
       1.070931966762e-01       8.859606028806e-01 
       1.107452594425e-01       8.500715346343e-01 
       1.145064249153e-01       8.208030938296e-01 
       1.183821370918e-01       7.960250203920e-01 
       1.223778605862e-01       7.731470931234e-01 
       1.264990921987e-01       7.494508096682e-01 
       1.307513701367e-01       7.225577107427e-01 
       1.351402814784e-01       6.909096949545e-01 
       1.396714684203e-01       6.541815216427e-01 
       1.443506338194e-01       6.134266788546e-01 
       1.491835465229e-01       5.708682645516e-01 
       1.541760469708e-01       5.293632251748e-01 
       1.593340535561e-01       4.917116551617e-01 
       1.646635702297e-01       4.599200289912e-01 
       1.701706958456e-01       4.347285250237e-01 
       1.758616357459e-01       4.154077418101e-01 
       1.817427160982e-01       3.999369781279e-01 
       1.878204015065e-01       3.856820124694e-01 
       1.941013164283e-01       3.698100300295e-01 
       2.005922709503e-01       3.505464957384e-01 
       2.073002914972e-01       3.280435670920e-01 
       2.142326570816e-01       3.042141830767e-01 
       2.213969417533e-01       2.816124115237e-01 
       2.288010639706e-01       2.622564758137e-01 
       2.364533437147e-01       2.469627598939e-01 
       2.443625682930e-01       2.350128697031e-01 
       2.525380679504e-01       2.244186098220e-01 
       2.609898026346e-01       2.130939976696e-01 
       2.697284615565e-01       2.001017445077e-01 
       2.787655775689e-01       1.860200443625e-01 
       2.881136588829e-01       1.725170874773e-01 
       2.977863412677e-01       1.610657650778e-01 
       3.077985646929e-01       1.517615042767e-01 
       3.181667794071e-01       1.435596297121e-01 
       3.289091877812e-01       1.351818972340e-01 
       3.400460299658e-01       1.261641123687e-01 
       3.515999236474e-01       1.172020967181e-01 
       3.635962711085e-01       1.091772157998e-01 
       3.760637506334e-01       1.023094311206e-01 
       3.890349143879e-01       9.593774906565e-02 
       4.025469216825e-01       8.950765417460e-02 
       4.166424456376e-01       8.311161524503e-02 
       4.313708035863e-01       7.721543279661e-02 
       4.467893782977e-01       7.190042641767e-02 
       4.629654199664e-01       6.686903468809e-02 
       4.799783501994e-01       6.191768005176e-02 
       4.979227319373e-01       5.722224910379e-02 
       5.169121270864e-01       5.290280213820e-02 
       5.370841404489e-01       4.876972690713e-02 
       5.586070464571e-01       4.479086371113e-02 
       5.816885094930e-01       4.105185198765e-02 
       6.065870144995e-01       3.748997441482e-02 
       6.336266468475e-01       3.407636627273e-02 
       6.632156059511e-01       3.083456776417e-02 
       6.958678639263e-01       2.772833040883e-02 
       7.322247985589e-01       2.476712733384e-02 
       7.730680195114e-01       2.193955827628e-02 
       8.193049553677e-01       1.925611234929e-02 
       8.718988016039e-01       1.672932013253e-02 
       9.317218031082e-01       1.438419077523e-02 
       9.993660908989e-01       1.225068442200e-02 
       1.075037110174e+00       1.035260518684e-02 
       1.158653485707e+00       8.699721573903e-03 
       1.250099157308e+00       7.284594359156e-03 
       1.349432401273e+00       6.085482033275e-03 
       1.456947457397e+00       5.075729907564e-03 
       1.573135111331e+00       4.228312803767e-03 
       1.698621895592e+00       3.518545565249e-03 
       1.834127512934e+00       2.924982016870e-03 
       1.980444934528e+00       2.429159827463e-03 
       2.138435191726e+00       2.015511571414e-03 
       2.309029199186e+00       1.670767913583e-03 
       2.493232377687e+00       1.383800278102e-03 
       2.692130395285e+00       1.145133367117e-03 
       2.906895534573e+00       9.468567585966e-04 
       3.138793597714e+00       7.822902973877e-04 
       3.389191366484e+00       6.458253291041e-04 
       3.659564657905e+00       5.327680371807e-04 
       3.951507022538e+00       4.391853538094e-04 
       4.266739136701e+00       3.617886427120e-04 
       4.607118943941e+00       2.978285707947e-04 
       4.974652605557e+00       2.450123107807e-04 
       5.371506324689e+00       2.014363760588e-04 
       5.800019113685e+00       1.655062642287e-04 
       6.262716579983e+00       1.359036937778e-04 
       6.762325811764e+00       1.115302515821e-04 
       7.301791451110e+00       9.147554078072e-05 
       7.884293049406e+00       7.498576151295e-05 
       8.513263807261e+00       6.143621563127e-05 
       9.192410809424e+00       5.030825254301e-05 
       9.925736873929e+00       4.117522062687e-05 
       1.071756414427e+01       3.368310343724e-05 
       1.157255956364e+01       2.754142564551e-05 
       1.249576238137e+01       2.250877984015e-05 
       1.349261385375e+01       1.838750707674e-05 
       1.456898931416e+01       1.501403241274e-05 
       1.573123280165e+01       1.225421721998e-05 
       1.698619445202e+01       9.997516531679e-06 
       1.834127087176e+01       8.153041640374e-06 
       1.980444873285e+01       6.646140937695e-06 
       2.138435184532e+01       5.415619016778e-06 
       2.309029198506e+01       4.411220064448e-06 
       2.493232377636e+01       3.591779288781e-06 
       2.692130395282e+01       2.923440710356e-06 
       2.906895534573e+01       2.378653189227e-06 
       3.138793597714e+01       1.934645175953e-06 
       3.389191366484e+01       1.572984706318e-06 
       3.659564657905e+01       1.278499058670e-06 
       3.951507022538e+01       1.038777732205e-06 
       4.266739136701e+01       8.437259459078e-07 
       4.607118943941e+01       6.850643758831e-07 
       4.974652605557e+01       5.560509450829e-07 
       5.371506324689e+01       4.511808224231e-07 
       5.800019113685e+01       3.659637700823e-07 
       6.262716579983e+01       2.967342579264e-07 
       6.762325811764e+01       2.405173284802e-07 
