# Matter power spectrum P(k) at redshift z=0
# for k=1.04775e-05 to 67.6233 h/Mpc,
# number of wavenumbers equal to 246
#    1:k (h/Mpc)              2:P (Mpc/h)^3        
       1.047750691338e-05       5.020964806751e+01 
       1.131335172818e-05       5.407048206554e+01 
       1.221587619877e-05       5.822819063717e+01 
       1.319039970550e-05       6.270562589677e+01 
       1.424266598317e-05       6.752731788102e+01 
       1.537887697396e-05       7.271977200258e+01 
       1.660572938097e-05       7.831147241542e+01 
       1.793045413791e-05       8.433311815128e+01 
       1.936085902737e-05       9.081778242446e+01 
       2.090537469909e-05       9.780108061340e+01 
       2.257310435923e-05       1.053213197032e+02 
       2.437387742372e-05       1.134197377001e+02 
       2.631830745176e-05       1.221408202815e+02 
       2.841785470091e-05       1.315324720916e+02 
       3.068489367268e-05       1.416462093730e+02 
       3.313278604643e-05       1.525374500691e+02 
       3.577595943165e-05       1.642660687078e+02 
       3.862999240274e-05       1.768963504868e+02 
       4.171170631739e-05       1.904975992460e+02 
       4.503926445983e-05       2.051444490305e+02 
       4.863227909323e-05       2.209171463752e+02 
       5.251192705226e-05       2.379022222314e+02 
       5.670107455699e-05       2.561927925515e+02 
       6.122441198393e-05       2.758890441790e+02 
       6.610859938837e-05       2.970989225466e+02 
       7.138242363583e-05       3.199385558200e+02 
       7.707696806873e-05       3.445329780878e+02 
       8.322579570814e-05       3.710167315928e+02 
       8.986514707061e-05       3.995346440954e+02 
       9.703415376577e-05       4.302425403884e+02 
       1.047750691338e-04       4.633080762974e+02 
       1.131335172818e-04       4.989116267507e+02 
       1.221587619877e-04       5.372471946561e+02 
       1.319039970550e-04       5.785234124627e+02 
       1.424266598317e-04       6.229645930980e+02 
       1.537887697396e-04       6.708118484951e+02 
       1.660572938097e-04       7.223242660220e+02 
       1.793045413791e-04       7.777801553557e+02 
       1.936085902737e-04       8.374783607334e+02 
       2.090537469909e-04       9.017396264495e+02 
       2.257310435923e-04       9.709080260152e+02 
       2.437387742372e-04       1.045352448644e+03 
       2.631830745176e-04       1.125468122835e+03 
       2.841785470091e-04       1.211678179511e+03 
       3.068489367268e-04       1.304435249091e+03 
       3.313278604643e-04       1.404223052541e+03 
       3.577595943165e-04       1.511558013390e+03 
       3.862999240274e-04       1.626990836472e+03 
       4.171170631739e-04       1.751108027371e+03 
       4.503926445983e-04       1.884533381345e+03 
       4.863227909323e-04       2.027929376470e+03 
       5.251192705226e-04       2.181998446367e+03 
       5.670107455699e-04       2.347484100857e+03 
       6.122441198393e-04       2.525171869336e+03 
       6.610859938837e-04       2.715889981401e+03 
       7.138242363583e-04       2.920509686089e+03 
       7.707696806873e-04       3.139945097711e+03 
       8.322579570814e-04       3.375152334397e+03 
       8.986514707061e-04       3.627127828231e+03 
       9.703415376577e-04       3.896905450016e+03 
       1.047750691338e-03       4.185552170957e+03 
       1.131335172818e-03       4.494162426791e+03 
       1.221587619877e-03       4.823850702665e+03 
       1.319039970550e-03       5.175742736278e+03 
       1.424266598317e-03       5.551019592513e+03 
       1.537887697396e-03       5.950788335879e+03 
       1.660572938097e-03       6.376123046805e+03 
       1.793045413791e-03       6.828073896118e+03 
       1.936085902737e-03       7.307625375386e+03 
       2.090537469909e-03       7.815671908634e+03 
       2.257310435923e-03       8.352990369402e+03 
       2.437387742372e-03       8.920211057528e+03 
       2.631830745176e-03       9.517783061890e+03 
       2.841785470091e-03       1.014593703671e+04 
       3.068489367268e-03       1.080464505750e+04 
       3.313278604643e-03       1.149357459477e+04 
       3.577595943165e-03       1.221203620826e+04 
       3.862999240274e-03       1.295892538505e+04 
       4.171170631739e-03       1.373266002220e+04 
       4.503926445983e-03       1.453111834595e+04 
       4.863227909323e-03       1.535154984227e+04 
       5.251192705226e-03       1.619063613434e+04 
       5.670107455699e-03       1.704431256554e+04 
       6.122441198393e-03       1.790755938456e+04 
       6.610859938837e-03       1.877460424358e+04 
       7.138242363583e-03       1.963872429099e+04 
       7.707696806873e-03       2.049215713607e+04 
       8.322579570814e-03       2.132607230498e+04 
       8.986514707061e-03       2.213055076757e+04 
       9.703415376577e-03       2.289445470808e+04 
       1.047750691338e-02       2.360548288464e+04 
       1.131335172818e-02       2.425022856775e+04 
       1.221587619877e-02       2.481423922562e+04 
       1.319039970550e-02       2.528218804404e+04 
       1.424266598317e-02       2.563814411775e+04 
       1.537887697392e-02       2.586607882309e+04 
       1.660572938023e-02       2.595027554804e+04 
       1.793045412706e-02       2.587635096232e+04 
       1.936085890181e-02       2.563220083858e+04 
       2.090537352463e-02       2.520935786705e+04 
       2.257309535333e-02       2.460446176167e+04 
       2.437382002918e-02       2.382086948171e+04 
       2.631799944462e-02       2.287042734120e+04 
       2.841644545389e-02       2.177447575752e+04 
       3.067933355377e-02       2.056554936340e+04 
       3.311368470740e-02       1.928739687989e+04 
       3.571840443502e-02       1.799402006048e+04 
       3.847720348444e-02       1.674687323287e+04 
       4.135335538431e-02       1.560463493796e+04 
       4.429361667738e-02       1.461038741431e+04 
       4.724366439141e-02       1.378052491613e+04 
       5.016480835311e-02       1.310508197841e+04 
       5.303989620246e-02       1.255716885124e+04 
       5.586870669566e-02       1.210423879083e+04 
       5.866042680613e-02       1.171466026431e+04 
       6.142798932958e-02       1.136046450103e+04 
       6.418496440164e-02       1.101856489974e+04 
       6.694418833788e-02       1.067074055188e+04 
       6.971731106057e-02       1.030359193633e+04 
       7.251476155766e-02       9.909003472189e+03 
       7.534587671527e-02       9.483790376570e+03 
       7.821907666265e-02       9.029507029650e+03 
       8.114203772912e-02       8.552314838670e+03 
       8.412184535029e-02       8.061931011056e+03 
       8.716512279304e-02       7.570777099540e+03 
       9.027813695930e-02       7.092502443918e+03 
       9.346688431697e-02       6.640533182426e+03 
       9.673716028276e-02       6.226683842269e+03 
       1.000946150830e-01       5.859927931971e+03 
       1.035447986537e-01       5.545241689697e+03 
       1.070931966762e-01       5.283126347715e+03 
       1.107452594425e-01       5.069421609455e+03 
       1.145064249153e-01       4.895243756029e+03 
       1.183821370918e-01       4.747833157336e+03 
       1.223778605862e-01       4.611731934320e+03 
       1.264990921987e-01       4.470618771852e+03 
       1.307513701367e-01       4.310271880568e+03 
       1.351402814784e-01       4.121392037795e+03 
       1.396714684203e-01       3.902067558843e+03 
       1.443506338194e-01       3.658642133175e+03 
       1.491835465229e-01       3.404485944679e+03 
       1.541760469708e-01       3.156672725459e+03 
       1.593340535561e-01       2.931977774350e+03 
       1.646635702297e-01       2.742377093112e+03 
       1.701706958456e-01       2.592263130288e+03 
       1.758616357459e-01       2.477237119574e+03 
       1.817427160982e-01       2.385181440277e+03 
       1.878204015065e-01       2.300359563898e+03 
       1.941013164283e-01       2.205757645829e+03 
       2.005922709503e-01       2.090816604576e+03 
       2.073002914972e-01       1.956470253243e+03 
       2.142326570816e-01       1.814195792545e+03 
       2.213969417533e-01       1.679298063403e+03 
       2.288010639706e-01       1.563847506363e+03 
       2.364533437147e-01       1.472689180571e+03 
       2.443625682930e-01       1.401512617466e+03 
       2.525380679504e-01       1.338413747264e+03 
       2.609898026346e-01       1.270905959514e+03 
       2.697284615565e-01       1.193381335507e+03 
       2.787655775689e-01       1.109337400928e+03 
       2.881136588829e-01       1.028770723954e+03 
       2.977863412677e-01       9.604833705107e+02 
       3.077985646929e-01       9.050237237949e+02 
       3.181667794071e-01       8.561451552722e+02 
       3.289091877812e-01       8.061894857195e+02 
       3.400460299658e-01       7.523927565286e+02 
       3.515999236474e-01       6.989245555529e+02 
       3.635962711085e-01       6.510650572252e+02 
       3.760637506334e-01       6.101221162405e+02 
       3.890349143879e-01       5.721316772768e+02 
       4.025469216825e-01       5.337815097498e+02 
       4.166424456376e-01       4.956318192006e+02 
       4.313708035863e-01       4.604684431320e+02 
       4.467893782977e-01       4.287768836121e+02 
       4.629654199664e-01       3.987743185861e+02 
       4.799783501994e-01       3.692421666195e+02 
       4.979227319373e-01       3.412419359668e+02 
       5.169121270864e-01       3.154847459821e+02 
       5.370841404489e-01       2.908368516931e+02 
       5.586070464571e-01       2.671067246866e+02 
       5.816885094930e-01       2.448099359068e+02 
       6.065870144995e-01       2.235677996446e+02 
       6.336266468475e-01       2.032110516622e+02 
       6.632156059511e-01       1.838793449413e+02 
       6.958678639263e-01       1.653551348286e+02 
       7.322247985589e-01       1.476960775246e+02 
       7.730680195114e-01       1.308344659298e+02 
       8.193049553677e-01       1.148313256138e+02 
       8.718988016039e-01       9.976271131674e+01 
       9.317218031082e-01       8.577802559524e+01 
       9.993660908989e-01       7.305498256040e+01 
       1.075037110174e+00       6.173607275862e+01 
       1.158653485707e+00       5.187930285787e+01 
       1.250099157308e+00       4.344012924038e+01 
       1.349432401273e+00       3.628937523136e+01 
       1.456947457397e+00       3.026799114219e+01 
       1.573135111331e+00       2.521456847339e+01 
       1.698621895592e+00       2.098192635635e+01 
       1.834127512934e+00       1.744238338201e+01 
       1.980444934528e+00       1.448570231266e+01 
       2.138435191726e+00       1.201890718915e+01 
       2.309029199186e+00       9.963149422531e+00 
       2.493232377687e+00       8.251830280963e+00 
       2.692130395285e+00       6.828607881593e+00 
       2.906895534573e+00       5.646241776296e+00 
       3.138793597714e+00       4.664888470944e+00 
       3.389191366484e+00       3.851096016844e+00 
       3.659564657905e+00       3.176931149282e+00 
       3.951507022538e+00       2.618875663685e+00 
       4.266739136701e+00       2.157338130310e+00 
       4.607118943941e+00       1.775934881971e+00 
       4.974652605557e+00       1.460985921582e+00 
       5.371506324689e+00       1.201135406858e+00 
       5.800019113685e+00       9.868778093512e-01 
       6.262716579983e+00       8.103520425723e-01 
       6.762325811764e+00       6.650111387939e-01 
       7.301791451110e+00       5.454281665294e-01 
       7.884293049406e+00       4.471023226822e-01 
       8.513263807261e+00       3.662975692342e-01 
       9.192410809424e+00       2.999408532190e-01 
       9.925736873929e+00       2.454800520422e-01 
       1.071756414427e+01       2.008070668060e-01 
       1.157255956364e+01       1.641847389887e-01 
       1.249576238137e+01       1.341772089071e-01 
       1.349261385375e+01       1.096027844421e-01 
       1.456898931416e+01       8.948875323084e-02 
       1.573123280165e+01       7.303332821414e-02 
       1.698619445202e+01       5.957756471144e-02 
       1.834127087176e+01       4.858031467305e-02 
       1.980444873285e+01       3.959653706544e-02 
       2.138435184532e+01       3.226055673312e-02 
       2.309029198506e+01       2.627287487067e-02 
       2.493232377636e+01       2.138787824770e-02 
       2.692130395282e+01       1.740400829563e-02 
       2.906895534573e+01       1.415667645156e-02 
       3.138793597714e+01       1.151049918935e-02 
       3.389191366484e+01       9.355170972908e-03 
       3.659564657905e+01       7.600312028172e-03 
       3.951507022538e+01       6.172138816935e-03 
       4.266739136701e+01       5.010099675161e-03 
       4.607118943941e+01       4.065145428518e-03 
       4.974652605557e+01       3.296871242770e-03 
       5.371506324689e+01       2.672535272319e-03 
       5.800019113685e+01       2.165332835833e-03 
       6.262716579983e+01       1.753450637460e-03 
       6.762325811764e+01       1.419088093236e-03 
