# Matter power spectrum P(k) at redshift z=99
# for k=1.04775e-05 to 67.6233 h/Mpc,
# number of wavenumbers equal to 246
#    1:k (h/Mpc)              2:P (Mpc/h)^3        
       1.047750691338e-05       7.261927673119e-03 
       1.131335172818e-05       7.820331745737e-03 
       1.221587619877e-05       8.421675986489e-03 
       1.319039970550e-05       9.069258192194e-03 
       1.424266598317e-05       9.766638404421e-03 
       1.537887697396e-05       1.051764069682e-02 
       1.660572938097e-05       1.132639105520e-02 
       1.793045413791e-05       1.219733231416e-02 
       1.936085902737e-05       1.313524224380e-02 
       2.090537469909e-05       1.414527121893e-02 
       2.257310435923e-05       1.523296272192e-02 
       2.437387742372e-05       1.640429444530e-02 
       2.631830745176e-05       1.766569582177e-02 
       2.841785470091e-05       1.902408601793e-02 
       3.068489367268e-05       2.048692970591e-02 
       3.313278604643e-05       2.206225513594e-02 
       3.577595943165e-05       2.375870704909e-02 
       3.862999240274e-05       2.558560727479e-02 
       4.171170631739e-05       2.755297763344e-02 
       4.503926445983e-05       2.967161927314e-02 
       4.863227909323e-05       3.195316450832e-02 
       5.251192705226e-05       3.441013519284e-02 
       5.670107455699e-05       3.705601722528e-02 
       6.122441198393e-05       3.990533413562e-02 
       6.610859938837e-05       4.297372168203e-02 
       7.138242363583e-05       4.627802141688e-02 
       7.707696806873e-05       4.983636194159e-02 
       8.322579570814e-05       5.366826847231e-02 
       8.986514707061e-05       5.779476394569e-02 
       9.703415376577e-05       6.223848243885e-02 
       1.047750691338e-04       6.702379865640e-02 
       1.131335172818e-04       7.217695153381e-02 
       1.221587619877e-04       7.772619073570e-02 
       1.319039970550e-04       8.370193432376e-02 
       1.424266598317e-04       9.013692507545e-02 
       1.537887697396e-04       9.706641242570e-02 
       1.660572938097e-04       1.045283354271e-01 
       1.793045413791e-04       1.125635349068e-01 
       1.936085902737e-04       1.212159614968e-01 
       2.090537469909e-04       1.305329132714e-01 
       2.257310435923e-04       1.405652846215e-01 
       2.437387742372e-04       1.513678302540e-01 
       2.631830745176e-04       1.629994504871e-01 
       2.841785470091e-04       1.755234921224e-01 
       3.068489367268e-04       1.890080670413e-01 
       3.313278604643e-04       2.035264002435e-01 
       3.577595943165e-04       2.191571803681e-01 
       3.862999240274e-04       2.359849437593e-01 
       4.171170631739e-04       2.541004741539e-01 
       4.503926445983e-04       2.736012080277e-01 
       4.863227909323e-04       2.945916790965e-01 
       5.251192705226e-04       3.171839525183e-01 
       5.670107455699e-04       3.414980764002e-01 
       6.122441198393e-04       3.676625413100e-01 
       6.610859938837e-04       3.958147252304e-01 
       7.138242363583e-04       4.261013284922e-01 
       7.707696806873e-04       4.586787792354e-01 
       8.322579570814e-04       4.937136001342e-01 
       8.986514707061e-04       5.313826801401e-01 
       9.703415376577e-04       5.718734972157e-01 
       1.047750691338e-03       6.153841629505e-01 
       1.131335172818e-03       6.621233239465e-01 
       1.221587619877e-03       7.123098220427e-01 
       1.319039970550e-03       7.661720584603e-01 
       1.424266598317e-03       8.239546297731e-01 
       1.537887697396e-03       8.859011173467e-01 
       1.660572938097e-03       9.522588006419e-01 
       1.793045413791e-03       1.023280099819e+00 
       1.936085902737e-03       1.099216304579e+00 
       2.090537469909e-03       1.180312990453e+00 
       2.257310435923e-03       1.266804115851e+00 
       2.437387742372e-03       1.358904853405e+00 
       2.631830745176e-03       1.456802683156e+00 
       2.841785470091e-03       1.560646890522e+00 
       3.068489367268e-03       1.670536062500e+00 
       3.313278604643e-03       1.786503852158e+00 
       3.577595943165e-03       1.908502930788e+00 
       3.862999240274e-03       2.036387730709e+00 
       4.171170631739e-03       2.169896178623e+00 
       4.503926445983e-03       2.308631878994e+00 
       4.863227909323e-03       2.452047290962e+00 
       5.251192705226e-03       2.599430628088e+00 
       5.670107455699e-03       2.749896931848e+00 
       6.122441198393e-03       2.902386513384e+00 
       6.610859938837e-03       3.055668707133e+00 
       7.138242363583e-03       3.208356461545e+00 
       7.707696806873e-03       3.358923892855e+00 
       8.322579570814e-03       3.505725595239e+00 
       8.986514707061e-03       3.647009243724e+00 
       9.703415376577e-03       3.780923304323e+00 
       1.047750691338e-02       3.905490278692e+00 
       1.131335172818e-02       4.018587641004e+00 
       1.221587619877e-02       4.117901585835e+00 
       1.319039970550e-02       4.200915254221e+00 
       1.424266598317e-02       4.264942539705e+00 
       1.537887697392e-02       4.307217619585e+00 
       1.660572938023e-02       4.325062135711e+00 
       1.793045412706e-02       4.316057719837e+00 
       1.936085890181e-02       4.278228496697e+00 
       2.090537352463e-02       4.210200748398e+00 
       2.257309535333e-02       4.111416939715e+00 
       2.437382002918e-02       3.982424530106e+00 
       2.631799944462e-02       3.825168254121e+00 
       2.841644545389e-02       3.643281967358e+00 
       3.067933355377e-02       3.442193149341e+00 
       3.311368470740e-02       3.229238568914e+00 
       3.571840443502e-02       3.013515695405e+00 
       3.847720348444e-02       2.805279379065e+00 
       4.135335538431e-02       2.614413269191e+00 
       4.429361667738e-02       2.448141938578e+00 
       4.724366439141e-02       2.309236428326e+00 
       5.016480835311e-02       2.196113412181e+00 
       5.303989620246e-02       2.104364276546e+00 
       5.586870669566e-02       2.028463115691e+00 
       5.866042680613e-02       1.963151362013e+00 
       6.142798932958e-02       1.903784634599e+00 
       6.418496440164e-02       1.846479681668e+00 
       6.694418833788e-02       1.788196639161e+00 
       6.971731106057e-02       1.726716202987e+00 
       7.251476155766e-02       1.660649291948e+00 
       7.534587671527e-02       1.589470664942e+00 
       7.821907666265e-02       1.513437956197e+00 
       8.114203772912e-02       1.433569420463e+00 
       8.412184535029e-02       1.351492953372e+00 
       8.716512279304e-02       1.269274741708e+00 
       9.027813695930e-02       1.189196531961e+00 
       9.346688431697e-02       1.113502133588e+00 
       9.673716028276e-02       1.044173564444e+00 
       1.000946150830e-01       9.827064644765e-01 
       1.035447986537e-01       9.299390469518e-01 
       1.070931966762e-01       8.859605256592e-01 
       1.107452594425e-01       8.500694714813e-01 
       1.145064249153e-01       8.208041518231e-01 
       1.183821370918e-01       7.960261548121e-01 
       1.223778605862e-01       7.731460101059e-01 
       1.264990921987e-01       7.494516992703e-01 
       1.307513701367e-01       7.225576714718e-01 
       1.351402814784e-01       6.909086289239e-01 
       1.396714684203e-01       6.541817434237e-01 
       1.443506338194e-01       6.134276552173e-01 
       1.491835465229e-01       5.708676776129e-01 
       1.541760469708e-01       5.293639779357e-01 
       1.593340535561e-01       4.917110488632e-01 
       1.646635702297e-01       4.599204964860e-01 
       1.701706958456e-01       4.347280339843e-01 
       1.758616357459e-01       4.154075569819e-01 
       1.817427160982e-01       3.999365832727e-01 
       1.878204015065e-01       3.856827225385e-01 
       1.941013164283e-01       3.698096476550e-01 
       2.005922709503e-01       3.505462731011e-01 
       2.073002914972e-01       3.280436595252e-01 
       2.142326570816e-01       3.042139143617e-01 
       2.213969417533e-01       2.816123968976e-01 
       2.288010639706e-01       2.622572165617e-01 
       2.364533437147e-01       2.469621033811e-01 
       2.443625682930e-01       2.350126753185e-01 
       2.525380679504e-01       2.244179131998e-01 
       2.609898026346e-01       2.130940133681e-01 
       2.697284615565e-01       2.001018487047e-01 
       2.787655775689e-01       1.860199234502e-01 
       2.881136588829e-01       1.725172447435e-01 
       2.977863412677e-01       1.610663400227e-01 
       3.077985646929e-01       1.517612274724e-01 
       3.181667794071e-01       1.435596431057e-01 
       3.289091877812e-01       1.351822346416e-01 
       3.400460299658e-01       1.261645678620e-01 
       3.515999236474e-01       1.172018713370e-01 
       3.635962711085e-01       1.091763483646e-01 
       3.760637506334e-01       1.023092140459e-01 
       3.890349143879e-01       9.593766555813e-02 
       4.025469216825e-01       8.950775281674e-02 
       4.166424456376e-01       8.311172084420e-02 
       4.313708035863e-01       7.721545129577e-02 
       4.467893782977e-01       7.190047229711e-02 
       4.629654199664e-01       6.686912396147e-02 
       4.799783501994e-01       6.191749186247e-02 
       4.979227319373e-01       5.722220706134e-02 
       5.169121270864e-01       5.290297447165e-02 
       5.370841404489e-01       4.876986643376e-02 
       5.586070464571e-01       4.479088117312e-02 
       5.816885094930e-01       4.105189285558e-02 
       6.065870144995e-01       3.748996954411e-02 
       6.336266468475e-01       3.407621245866e-02 
       6.632156059511e-01       3.083459924041e-02 
       6.958678639263e-01       2.772839123937e-02 
       7.322247985589e-01       2.476714309857e-02 
       7.730680195114e-01       2.193959799754e-02 
       8.193049553677e-01       1.925618479981e-02 
       8.718988016039e-01       1.672925096197e-02 
       9.317218031082e-01       1.438423783024e-02 
       9.993660908989e-01       1.225066302607e-02 
       1.075037110174e+00       1.035266970110e-02 
       1.158653485707e+00       8.699727031627e-03 
       1.250099157308e+00       7.284606784466e-03 
       1.349432401273e+00       6.085461008943e-03 
       1.456947457397e+00       5.075741994105e-03 
       1.573135111331e+00       4.228311167822e-03 
       1.698621895592e+00       3.518558395073e-03 
       1.834127512934e+00       2.924984387806e-03 
       1.980444934528e+00       2.429169215391e-03 
       2.138435191726e+00       2.015505373200e-03 
       2.309029199186e+00       1.670773188883e-03 
       2.493232377687e+00       1.383800437027e-03 
       2.692130395285e+00       1.145127967225e-03 
       2.906895534573e+00       9.468559929328e-04 
       3.138793597714e+00       7.822889283955e-04 
       3.389191366484e+00       6.458249986806e-04 
       3.659564657905e+00       5.327671196246e-04 
       3.951507022538e+00       4.391855299301e-04 
       4.266739136701e+00       3.617914254385e-04 
       4.607118943941e+00       2.978290734050e-04 
       4.974652605557e+00       2.450132038097e-04 
       5.371506324689e+00       2.014372147490e-04 
       5.800019113685e+00       1.655066568535e-04 
       6.262716579983e+00       1.359034118934e-04 
       6.762325811764e+00       1.115299102290e-04 
       7.301791451110e+00       9.147620154269e-05 
       7.884293049406e+00       7.498619660918e-05 
       8.513263807261e+00       6.143602978268e-05 
       9.192410809424e+00       5.030846398056e-05 
       9.925736873929e+00       4.117483678773e-05 
       1.071756414427e+01       3.368330222796e-05 
       1.157255956364e+01       2.754134901822e-05 
       1.249576238137e+01       2.250883957086e-05 
       1.349261385375e+01       1.838760185705e-05 
       1.456898931416e+01       1.501416160157e-05 
       1.573123280165e+01       1.225433099010e-05 
       1.698619445202e+01       9.997608514284e-06 
       1.834127087176e+01       8.153116020704e-06 
       1.980444873285e+01       6.646156811809e-06 
       2.138435184532e+01       5.415705947235e-06 
       2.309029198506e+01       4.411365952410e-06 
       2.493232377636e+01       3.591870785950e-06 
       2.692130395282e+01       2.923583874999e-06 
       2.906895534573e+01       2.378743748427e-06 
       3.138793597714e+01       1.934756692894e-06 
       3.389191366484e+01       1.573108091166e-06 
       3.659564657905e+01       1.278618733990e-06 
       3.951507022538e+01       1.038909966208e-06 
       4.266739136701e+01       8.438686333443e-07 
       4.607118943941e+01       6.852162068693e-07 
       4.974652605557e+01       5.562060207197e-07 
       5.371506324689e+01       4.513445219045e-07 
       5.800019113685e+01       3.661333283307e-07 
       6.262716579983e+01       2.969109161906e-07 
       6.762325811764e+01       2.407062513273e-07 
