# Matter power spectrum P(k) at redshift z=99
# for k=1.04775e-05 to 134.926 h/Mpc,
# number of wavenumbers equal to 255
#    1:k (h/Mpc)              2:P (Mpc/h)^3        
       1.047750691338e-05       7.261927095246e-03 
       1.131335172818e-05       7.820332150713e-03 
       1.221587619877e-05       8.421675382284e-03 
       1.319039970550e-05       9.069257737954e-03 
       1.424266598317e-05       9.766636451073e-03 
       1.537887697396e-05       1.051763973635e-02 
       1.660572938097e-05       1.132639250746e-02 
       1.793045413791e-05       1.219733201502e-02 
       1.936085902737e-05       1.313524187196e-02 
       2.090537469909e-05       1.414527084970e-02 
       2.257310435923e-05       1.523296544485e-02 
       2.437387742372e-05       1.640429654633e-02 
       2.631830745176e-05       1.766569603279e-02 
       2.841785470091e-05       1.902408711154e-02 
       3.068489367268e-05       2.048692967436e-02 
       3.313278604643e-05       2.206225467540e-02 
       3.577595943165e-05       2.375870883843e-02 
       3.862999240274e-05       2.558560669813e-02 
       4.171170631739e-05       2.755297672498e-02 
       4.503926445983e-05       2.967161933402e-02 
       4.863227909323e-05       3.195316455645e-02 
       5.251192705226e-05       3.441013466123e-02 
       5.670107455699e-05       3.705601741689e-02 
       6.122441198393e-05       3.990533412822e-02 
       6.610859938837e-05       4.297372242516e-02 
       7.138242363583e-05       4.627802054834e-02 
       7.707696806873e-05       4.983636159869e-02 
       8.322579570814e-05       5.366826786914e-02 
       8.986514707061e-05       5.779476319713e-02 
       9.703415376577e-05       6.223848221814e-02 
       1.047750691338e-04       6.702379824998e-02 
       1.131335172818e-04       7.217695031055e-02 
       1.221587619877e-04       7.772619030336e-02 
       1.319039970550e-04       8.370193380013e-02 
       1.424266598317e-04       9.013692506638e-02 
       1.537887697396e-04       9.706641130369e-02 
       1.660572938097e-04       1.045283343108e-01 
       1.793045413791e-04       1.125635329182e-01 
       1.936085902737e-04       1.212159592306e-01 
       2.090537469909e-04       1.305329107433e-01 
       2.257310435923e-04       1.405652819357e-01 
       2.437387742372e-04       1.513678275073e-01 
       2.631830745176e-04       1.629994475130e-01 
       2.841785470091e-04       1.755234890476e-01 
       3.068489367268e-04       1.890080645297e-01 
       3.313278604643e-04       2.035263977429e-01 
       3.577595943165e-04       2.191571778042e-01 
       3.862999240274e-04       2.359849423258e-01 
       4.171170631739e-04       2.541004713000e-01 
       4.503926445983e-04       2.736012061158e-01 
       4.863227909323e-04       2.945916774642e-01 
       5.251192705226e-04       3.171839507863e-01 
       5.670107455699e-04       3.414980769107e-01 
       6.122441198393e-04       3.676625416300e-01 
       6.610859938837e-04       3.958147272864e-01 
       7.138242363583e-04       4.261013332065e-01 
       7.707696806873e-04       4.586787880850e-01 
       8.322579570814e-04       4.937136112822e-01 
       8.986514707061e-04       5.313826962078e-01 
       9.703415376577e-04       5.718735176806e-01 
       1.047750691338e-03       6.153841926252e-01 
       1.131335172818e-03       6.621233623125e-01 
       1.221587619877e-03       7.123098743656e-01 
       1.319039970550e-03       7.661721263790e-01 
       1.424266598317e-03       8.239547181304e-01 
       1.537887697396e-03       8.859012282817e-01 
       1.660572938097e-03       9.522589495750e-01 
       1.793045413791e-03       1.023280284736e+00 
       1.936085902737e-03       1.099216542126e+00 
       2.090537469909e-03       1.180313285058e+00 
       2.257310435923e-03       1.266804486832e+00 
       2.437387742372e-03       1.358905328489e+00 
       2.631830745176e-03       1.456803285977e+00 
       2.841785470091e-03       1.560647663066e+00 
       3.068489367268e-03       1.670537010608e+00 
       3.313278604643e-03       1.786505039672e+00 
       3.577595943165e-03       1.908504410152e+00 
       3.862999240274e-03       2.036389468793e+00 
       4.171170631739e-03       2.169898252836e+00 
       4.503926445983e-03       2.308634492001e+00 
       4.863227909323e-03       2.452050674803e+00 
       5.251192705226e-03       2.599434681154e+00 
       5.670107455699e-03       2.749901126477e+00 
       6.122441198393e-03       2.902390058331e+00 
       6.610859938837e-03       3.055671269820e+00 
       7.138242363583e-03       3.208360122830e+00 
       7.707696806873e-03       3.358926651344e+00 
       8.322579570814e-03       3.505726889861e+00 
       8.986514707061e-03       3.647012437885e+00 
       9.703415376577e-03       3.780926179456e+00 
       1.047750691338e-02       3.905492880927e+00 
       1.131335172818e-02       4.018589826478e+00 
       1.221587619877e-02       4.117902889499e+00 
       1.319039970550e-02       4.200917701479e+00 
       1.424266598317e-02       4.264943740602e+00 
       1.537887697392e-02       4.307219672082e+00 
       1.660572938023e-02       4.325062461223e+00 
       1.793045412706e-02       4.316060396678e+00 
       1.936085890181e-02       4.278228937929e+00 
       2.090537352463e-02       4.210204480163e+00 
       2.257309535333e-02       4.111418756385e+00 
       2.437382002918e-02       3.982420945302e+00 
       2.631799944462e-02       3.825168694496e+00 
       2.841644545389e-02       3.643282255489e+00 
       3.067933355377e-02       3.442198714852e+00 
       3.311368470740e-02       3.229241608613e+00 
       3.571840443502e-02       3.013516346016e+00 
       3.847720348444e-02       2.805283958633e+00 
       4.135335538431e-02       2.614410687002e+00 
       4.429361667738e-02       2.448132210933e+00 
       4.724366439141e-02       2.309240683125e+00 
       5.016480835311e-02       2.196115239653e+00 
       5.303989620246e-02       2.104369915464e+00 
       5.586870669566e-02       2.028462662826e+00 
       5.866042680613e-02       1.963155395927e+00 
       6.142798932958e-02       1.903779809731e+00 
       6.418496440164e-02       1.846479326486e+00 
       6.694418833788e-02       1.788197609994e+00 
       6.971731106057e-02       1.726715826925e+00 
       7.251476155766e-02       1.660654550382e+00 
       7.534587671527e-02       1.589470026303e+00 
       7.821907666265e-02       1.513436760875e+00 
       8.114203772912e-02       1.433568962561e+00 
       8.412184535029e-02       1.351492472774e+00 
       8.716512279304e-02       1.269273961079e+00 
       9.027813695930e-02       1.189193410001e+00 
       9.346688431697e-02       1.113501361111e+00 
       9.673716028276e-02       1.044174712952e+00 
       1.000946150830e-01       9.827062534920e-01 
       1.035447986537e-01       9.299363906319e-01 
       1.070931966762e-01       8.859587766343e-01 
       1.107452594425e-01       8.500713588691e-01 
       1.145064249153e-01       8.208036036658e-01 
       1.183821370918e-01       7.960245179186e-01 
       1.223778605862e-01       7.731459294139e-01 
       1.264990921987e-01       7.494523421355e-01 
       1.307513701367e-01       7.225578340776e-01 
       1.351402814784e-01       6.909098909390e-01 
       1.396714684203e-01       6.541827105119e-01 
       1.443506338194e-01       6.134281845544e-01 
       1.491835465229e-01       5.708688692126e-01 
       1.541760469708e-01       5.293641745814e-01 
       1.593340535561e-01       4.917107216147e-01 
       1.646635702297e-01       4.599198228527e-01 
       1.701706958456e-01       4.347277635134e-01 
       1.758616357459e-01       4.154076556048e-01 
       1.817427160982e-01       3.999360610375e-01 
       1.878204015065e-01       3.856856298789e-01 
       1.941013164283e-01       3.698139311219e-01 
       2.005922709503e-01       3.505513337896e-01 
       2.073002914972e-01       3.280462737281e-01 
       2.142326570816e-01       3.042132091953e-01 
       2.213969417533e-01       2.816113696670e-01 
       2.288010639706e-01       2.622565888001e-01 
       2.364533437147e-01       2.469615634888e-01 
       2.443625682930e-01       2.350126828487e-01 
       2.525380679504e-01       2.244201025060e-01 
       2.609898026346e-01       2.130957577933e-01 
       2.697284615565e-01       2.001023253535e-01 
       2.787655775689e-01       1.860195556362e-01 
       2.881136588829e-01       1.725167801219e-01 
       2.977863412677e-01       1.610656585911e-01 
       3.077985646929e-01       1.517603997228e-01 
       3.181667794071e-01       1.435589616128e-01 
       3.289091877812e-01       1.351814405759e-01 
       3.400460299658e-01       1.261638889590e-01 
       3.515999236474e-01       1.172015240573e-01 
       3.635962711085e-01       1.091765338361e-01 
       3.760637506334e-01       1.023090398729e-01 
       3.890349143879e-01       9.593724751257e-02 
       4.025469216825e-01       8.950728319772e-02 
       4.166424456376e-01       8.311132655928e-02 
       4.313708035863e-01       7.721505188774e-02 
       4.467893782977e-01       7.190018768387e-02 
       4.629654199664e-01       6.686862584706e-02 
       4.799783501994e-01       6.191711121020e-02 
       4.979227319373e-01       5.722179696310e-02 
       5.169121270864e-01       5.290246647564e-02 
       5.370841404489e-01       4.876936598279e-02 
       5.586070464571e-01       4.479031069250e-02 
       5.816885094930e-01       4.105148639979e-02 
       6.065870144995e-01       3.748951045445e-02 
       6.336266468475e-01       3.407580393584e-02 
       6.632156059511e-01       3.083413081974e-02 
       6.958678639263e-01       2.772796606566e-02 
       7.322247985589e-01       2.476674815712e-02 
       7.730680195114e-01       2.193921394032e-02 
       8.193049553677e-01       1.925576127714e-02 
       8.718988016039e-01       1.672892961703e-02 
       9.317218031082e-01       1.438379742922e-02 
       9.993660908989e-01       1.225028377655e-02 
       1.075037110174e+00       1.035221702051e-02 
       1.158653485707e+00       8.699295281980e-03 
       1.250099157308e+00       7.284204858106e-03 
       1.349432401273e+00       6.085077562918e-03 
       1.456947457397e+00       5.075353752347e-03 
       1.573135111331e+00       4.227926900151e-03 
       1.698621895592e+00       3.518168856721e-03 
       1.834127512934e+00       2.924605213541e-03 
       1.980444934528e+00       2.428790369545e-03 
       2.138435191726e+00       2.015139374181e-03 
       2.309029199186e+00       1.670408767247e-03 
       2.493232377687e+00       1.383429701759e-03 
       2.692130395285e+00       1.144772097017e-03 
       2.906895534573e+00       9.465011353385e-04 
       3.138793597714e+00       7.819411718358e-04 
       3.389191366484e+00       6.454786328115e-04 
       3.659564657905e+00       5.324260307586e-04 
       3.951507022538e+00       4.388485099560e-04 
       4.266739136701e+00       3.614574282595e-04 
       4.607118943941e+00       2.975006061573e-04 
       4.974652605557e+00       2.446893001299e-04 
       5.371506324689e+00       2.011180332117e-04 
       5.800019113685e+00       1.651951543843e-04 
       6.262716579983e+00       1.355980407680e-04 
       6.762325811764e+00       1.112301385887e-04 
       7.301791451110e+00       9.118264409629e-05 
       7.884293049406e+00       7.469873542612e-05 
       8.513263807261e+00       6.115441583275e-05 
       9.192410809424e+00       5.003289411058e-05 
       9.925736873929e+00       4.090579055183e-05 
       1.071756414427e+01       3.342057620523e-05 
       1.157255956364e+01       2.728497087806e-05 
       1.249576238137e+01       2.225878190353e-05 
       1.349261385375e+01       1.814380246060e-05 
       1.456898931416e+01       1.477692134186e-05 
       1.573123280165e+01       1.202346000874e-05 
       1.698619445202e+01       9.773021463551e-06 
       1.834127087176e+01       7.934839315059e-06 
       1.980444873285e+01       6.434307663681e-06 
       2.138435184532e+01       5.210068587396e-06 
       2.309029198506e+01       4.212013927936e-06 
       2.493232377636e+01       3.398816354448e-06 
       2.692130395282e+01       2.736732371062e-06 
       2.906895534573e+01       2.198168169543e-06 
       3.138793597714e+01       1.760445863206e-06 
       3.389191366484e+01       1.405075384750e-06 
       3.659564657905e+01       1.116896270599e-06 
       3.951507022538e+01       8.835655610677e-07 
       4.266739136701e+01       6.949534688980e-07 
       4.607118943941e+01       5.428347821117e-07 
       4.974652605557e+01       4.204939595071e-07 
       5.371506324689e+01       3.224556253427e-07 
       5.800019113685e+01       2.442538450257e-07 
       6.262716579983e+01       1.822559787279e-07 
       6.762325811764e+01       1.335036920986e-07 
       7.301791451110e+01       9.556389499912e-08 
       7.884293049406e+01       6.646134912170e-08 
       8.513263807261e+01       4.457650890641e-08 
       9.192410809424e+01       2.852959838337e-08 
       9.925736873929e+01       1.717774429206e-08 
       1.071756414427e+02       9.525661253915e-09 
       1.157255956364e+02       4.696780973024e-09 
       1.249576238137e+02       1.941216472069e-09 
       1.349261385375e+02       5.912100205784e-10 
