# Matter power spectrum P(k) at redshift z=99
# for k=1.04775e-05 to 67.6233 h/Mpc,
# number of wavenumbers equal to 246
#    1:k (h/Mpc)              2:P (Mpc/h)^3        
       1.047750691338e-05       7.261927673120e-03 
       1.131335172818e-05       7.820331745738e-03 
       1.221587619877e-05       8.421675986490e-03 
       1.319039970550e-05       9.069258192195e-03 
       1.424266598317e-05       9.766638404422e-03 
       1.537887697396e-05       1.051764069682e-02 
       1.660572938097e-05       1.132639105520e-02 
       1.793045413791e-05       1.219733231417e-02 
       1.936085902737e-05       1.313524224381e-02 
       2.090537469909e-05       1.414527121894e-02 
       2.257310435923e-05       1.523296272192e-02 
       2.437387742372e-05       1.640429444530e-02 
       2.631830745176e-05       1.766569582178e-02 
       2.841785470091e-05       1.902408601793e-02 
       3.068489367268e-05       2.048692970592e-02 
       3.313278604643e-05       2.206225513594e-02 
       3.577595943165e-05       2.375870704909e-02 
       3.862999240274e-05       2.558560727479e-02 
       4.171170631739e-05       2.755297763344e-02 
       4.503926445983e-05       2.967161927316e-02 
       4.863227909323e-05       3.195316450832e-02 
       5.251192705226e-05       3.441013519285e-02 
       5.670107455699e-05       3.705601722526e-02 
       6.122441198393e-05       3.990533413561e-02 
       6.610859938837e-05       4.297372168203e-02 
       7.138242363583e-05       4.627802141689e-02 
       7.707696806873e-05       4.983636194159e-02 
       8.322579570814e-05       5.366826847232e-02 
       8.986514707061e-05       5.779476394569e-02 
       9.703415376577e-05       6.223848243885e-02 
       1.047750691338e-04       6.702379865640e-02 
       1.131335172818e-04       7.217695153381e-02 
       1.221587619877e-04       7.772619073572e-02 
       1.319039970550e-04       8.370193432376e-02 
       1.424266598317e-04       9.013692507549e-02 
       1.537887697396e-04       9.706641242571e-02 
       1.660572938097e-04       1.045283354272e-01 
       1.793045413791e-04       1.125635349068e-01 
       1.936085902737e-04       1.212159614968e-01 
       2.090537469909e-04       1.305329132715e-01 
       2.257310435923e-04       1.405652846215e-01 
       2.437387742372e-04       1.513678302540e-01 
       2.631830745176e-04       1.629994504871e-01 
       2.841785470091e-04       1.755234921225e-01 
       3.068489367268e-04       1.890080670413e-01 
       3.313278604643e-04       2.035264002436e-01 
       3.577595943165e-04       2.191571803681e-01 
       3.862999240274e-04       2.359849437591e-01 
       4.171170631739e-04       2.541004741539e-01 
       4.503926445983e-04       2.736012080278e-01 
       4.863227909323e-04       2.945916790965e-01 
       5.251192705226e-04       3.171839525183e-01 
       5.670107455699e-04       3.414980764002e-01 
       6.122441198393e-04       3.676625413101e-01 
       6.610859938837e-04       3.958147252304e-01 
       7.138242363583e-04       4.261013284920e-01 
       7.707696806873e-04       4.586787792353e-01 
       8.322579570814e-04       4.937136001378e-01 
       8.986514707061e-04       5.313826801402e-01 
       9.703415376577e-04       5.718734972158e-01 
       1.047750691338e-03       6.153841629505e-01 
       1.131335172818e-03       6.621233239466e-01 
       1.221587619877e-03       7.123098220432e-01 
       1.319039970550e-03       7.661720584551e-01 
       1.424266598317e-03       8.239546297733e-01 
       1.537887697396e-03       8.859011173467e-01 
       1.660572938097e-03       9.522588006401e-01 
       1.793045413791e-03       1.023280099819e+00 
       1.936085902737e-03       1.099216304579e+00 
       2.090537469909e-03       1.180312990453e+00 
       2.257310435923e-03       1.266804115851e+00 
       2.437387742372e-03       1.358904853406e+00 
       2.631830745176e-03       1.456802683156e+00 
       2.841785470091e-03       1.560646890521e+00 
       3.068489367268e-03       1.670536062498e+00 
       3.313278604643e-03       1.786503852156e+00 
       3.577595943165e-03       1.908502930786e+00 
       3.862999240274e-03       2.036387730705e+00 
       4.171170631739e-03       2.169896178807e+00 
       4.503926445983e-03       2.308631878985e+00 
       4.863227909323e-03       2.452047290950e+00 
       5.251192705226e-03       2.599430628070e+00 
       5.670107455699e-03       2.749896931844e+00 
       6.122441198393e-03       2.902386513346e+00 
       6.610859938837e-03       3.055668694170e+00 
       7.138242363583e-03       3.208356461468e+00 
       7.707696806873e-03       3.358923892396e+00 
       8.322579570814e-03       3.505725595190e+00 
       8.986514707061e-03       3.647009638478e+00 
       9.703415376577e-03       3.780923303931e+00 
       1.047750691338e-02       3.905491146965e+00 
       1.131335172818e-02       4.018587640721e+00 
       1.221587619877e-02       4.117901582712e+00 
       1.319039970550e-02       4.200915362199e+00 
       1.424266598317e-02       4.264942534627e+00 
       1.537887697392e-02       4.307217195906e+00 
       1.660572938023e-02       4.325061203094e+00 
       1.793045412706e-02       4.316056371961e+00 
       1.936085890181e-02       4.278231953603e+00 
       2.090537352463e-02       4.210202595503e+00 
       2.257309535333e-02       4.111416066159e+00 
       2.437382002918e-02       3.982418859713e+00 
       2.631799944462e-02       3.825164002103e+00 
       2.841644545389e-02       3.643281673291e+00 
       3.067933355377e-02       3.442184019380e+00 
       3.311368470740e-02       3.229239491339e+00 
       3.571840443502e-02       3.013516766216e+00 
       3.847720348444e-02       2.805286653414e+00 
       4.135335538431e-02       2.614408068151e+00 
       4.429361667738e-02       2.448132667416e+00 
       4.724366439141e-02       2.309237158484e+00 
       5.016480835311e-02       2.196120790866e+00 
       5.303989620246e-02       2.104360293605e+00 
       5.586870669566e-02       2.028465438542e+00 
       5.866042680613e-02       1.963155023060e+00 
       6.142798932958e-02       1.903779316192e+00 
       6.418496440164e-02       1.846481206857e+00 
       6.694418833788e-02       1.788198820102e+00 
       6.971731106057e-02       1.726719647407e+00 
       7.251476155766e-02       1.660650736286e+00 
       7.534587671527e-02       1.589468596288e+00 
       7.821907666265e-02       1.513437987934e+00 
       8.114203772912e-02       1.433567471953e+00 
       8.412184535029e-02       1.351493929961e+00 
       8.716512279304e-02       1.269276081285e+00 
       9.027813695930e-02       1.189193209724e+00 
       9.346688431697e-02       1.113500580479e+00 
       9.673716028276e-02       1.044171980462e+00 
       1.000946150830e-01       9.827046987242e-01 
       1.035447986537e-01       9.299363241439e-01 
       1.070931966762e-01       8.859617352426e-01 
       1.107452594425e-01       8.500680799777e-01 
       1.145064249153e-01       8.208017120519e-01 
       1.183821370918e-01       7.960239903946e-01 
       1.223778605862e-01       7.731431291276e-01 
       1.264990921987e-01       7.494502200839e-01 
       1.307513701367e-01       7.225568483161e-01 
       1.351402814784e-01       6.909072866628e-01 
       1.396714684203e-01       6.541781263302e-01 
       1.443506338194e-01       6.134251171080e-01 
       1.491835465229e-01       5.708661577144e-01 
       1.541760469708e-01       5.293609746700e-01 
       1.593340535561e-01       4.917077909152e-01 
       1.646635702297e-01       4.599171135011e-01 
       1.701706958456e-01       4.347258992090e-01 
       1.758616357459e-01       4.154042275900e-01 
       1.817427160982e-01       3.999333165769e-01 
       1.878204015065e-01       3.856784118042e-01 
       1.941013164283e-01       3.698056336140e-01 
       2.005922709503e-01       3.505417238379e-01 
       2.073002914972e-01       3.280379562260e-01 
       2.142326570816e-01       3.042086339823e-01 
       2.213969417533e-01       2.816068800381e-01 
       2.288010639706e-01       2.622509238017e-01 
       2.364533437147e-01       2.469562784220e-01 
       2.443625682930e-01       2.350071129662e-01 
       2.525380679504e-01       2.244115750695e-01 
       2.609898026346e-01       2.130870493890e-01 
       2.697284615565e-01       2.000938935258e-01 
       2.787655775689e-01       1.860117926510e-01 
       2.881136588829e-01       1.725092630327e-01 
       2.977863412677e-01       1.610575639626e-01 
       3.077985646929e-01       1.517520381627e-01 
       3.181667794071e-01       1.435494955750e-01 
       3.289091877812e-01       1.351714073984e-01 
       3.400460299658e-01       1.261540692214e-01 
       3.515999236474e-01       1.171906141298e-01 
       3.635962711085e-01       1.091652207775e-01 
       3.760637506334e-01       1.022975404300e-01 
       3.890349143879e-01       9.592482612634e-02 
       4.025469216825e-01       8.949423987896e-02 
       4.166424456376e-01       8.309761678840e-02 
       4.313708035863e-01       7.720068733476e-02 
       4.467893782977e-01       7.188525965937e-02 
       4.629654199664e-01       6.685293761274e-02 
       4.799783501994e-01       6.190042439127e-02 
       4.979227319373e-01       5.720438619565e-02 
       5.169121270864e-01       5.288425611313e-02 
       5.370841404489e-01       4.875008633858e-02 
       5.586070464571e-01       4.477003037759e-02 
       5.816885094930e-01       4.103016786989e-02 
       6.065870144995e-01       3.746700292937e-02 
       6.336266468475e-01       3.405227548653e-02 
       6.632156059511e-01       3.080919259889e-02 
       6.958678639263e-01       2.770137405857e-02 
       7.322247985589e-01       2.473854207193e-02 
       7.730680195114e-01       2.190908778485e-02 
       8.193049553677e-01       1.922359156186e-02 
       8.718988016039e-01       1.669443105305e-02 
       9.317218031082e-01       1.434670604903e-02 
       9.993660908989e-01       1.221022789727e-02 
       1.075037110174e+00       1.030895164674e-02 
       1.158653485707e+00       8.652551661900e-03 
       1.250099157308e+00       7.233748821188e-03 
       1.349432401273e+00       6.030680535639e-03 
       1.456947457397e+00       5.016828263080e-03 
       1.573135111331e+00       4.165141008478e-03 
       1.698621895592e+00       3.450966501034e-03 
       1.834127512934e+00       2.852839720250e-03 
       1.980444934528e+00       2.352410560744e-03 
       2.138435191726e+00       1.934075675519e-03 
       2.309029199186e+00       1.584670429960e-03 
       2.493232377687e+00       1.293083987054e-03 
       2.692130395285e+00       1.049958084305e-03 
       2.906895534573e+00       8.474380878819e-04 
       3.138793597714e+00       6.789717017081e-04 
       3.389191366484e+00       5.390746646943e-04 
       3.659564657905e+00       4.231913204809e-04 
       3.951507022538e+00       3.275518865443e-04 
       4.266739136701e+00       2.490306332848e-04 
       4.607118943941e+00       1.850582493354e-04 
       4.974652605557e+00       1.335192669868e-04 
       5.371506324689e+00       9.265565345716e-05 
       5.800019113685e+00       6.099814349843e-05 
       6.262716579983e+00       3.728272822946e-05 
       6.762325811764e+00       2.038612745607e-05 
       7.301791451110e+00       9.262923007405e-06 
       7.884293049406e+00       2.893735362026e-06 
       8.513263807261e+00       2.514550643235e-07 
       9.192410809424e+00       2.905997832923e-07 
       9.925736873929e+00       1.966416548627e-06 
       1.071756414427e+01       4.286897399093e-06 
       1.157255956364e+01       6.393838400267e-06 
       1.249576238137e+01       7.657043209518e-06 
       1.349261385375e+01       7.760792037386e-06 
       1.456898931416e+01       6.742086834519e-06 
       1.573123280165e+01       4.955712693704e-06 
       1.698619445202e+01       2.949785240219e-06 
       1.834127087176e+01       1.273359915905e-06 
       1.980444873285e+01       2.783280629500e-07 
       2.138435184532e+01       1.730097637838e-10 
       2.309029198506e+01       1.839735819311e-07 
       2.493232377636e+01       4.542375988584e-07 
       2.692130395282e+01       5.362243674017e-07 
       2.906895534573e+01       3.891152320925e-07 
       3.138793597714e+01       1.619300098160e-07 
       3.389191366484e+01       2.077972196543e-08 
       3.659564657905e+01       5.375525286737e-09 
       3.951507022538e+01       3.780063410926e-08 
       4.266739136701e+01       4.151269803440e-08 
       4.607118943941e+01       1.674815973959e-08 
       4.974652605557e+01       7.719033345677e-10 
       5.371506324689e+01       2.064064288133e-09 
       5.800019113685e+01       3.956337341021e-09 
       6.262716579983e+01       1.272174825348e-09 
       6.762325811764e+01       2.508308846659e-12 
