# Matter power spectrum P(k) at redshift z=0
# for k=1.04775e-05 to 67.6233 h/Mpc,
# number of wavenumbers equal to 246
#    1:k (h/Mpc)              2:P (Mpc/h)^3        
       1.047750691338e-05       5.020964806755e+01 
       1.131335172818e-05       5.407048206554e+01 
       1.221587619877e-05       5.822819063654e+01 
       1.319039970550e-05       6.270562589684e+01 
       1.424266598317e-05       6.752731788102e+01 
       1.537887697396e-05       7.271977200257e+01 
       1.660572938097e-05       7.831147241541e+01 
       1.793045413791e-05       8.433311815128e+01 
       1.936085902737e-05       9.081778242446e+01 
       2.090537469909e-05       9.780108061339e+01 
       2.257310435923e-05       1.053213197032e+02 
       2.437387742372e-05       1.134197377001e+02 
       2.631830745176e-05       1.221408202816e+02 
       2.841785470091e-05       1.315324720916e+02 
       3.068489367268e-05       1.416462093729e+02 
       3.313278604643e-05       1.525374500691e+02 
       3.577595943165e-05       1.642660687078e+02 
       3.862999240274e-05       1.768963504868e+02 
       4.171170631739e-05       1.904975992460e+02 
       4.503926445983e-05       2.051444490305e+02 
       4.863227909323e-05       2.209171463752e+02 
       5.251192705226e-05       2.379022222314e+02 
       5.670107455699e-05       2.561927925505e+02 
       6.122441198393e-05       2.758890441790e+02 
       6.610859938837e-05       2.970989225465e+02 
       7.138242363583e-05       3.199385558200e+02 
       7.707696806873e-05       3.445329780878e+02 
       8.322579570814e-05       3.710167315928e+02 
       8.986514707061e-05       3.995346440954e+02 
       9.703415376577e-05       4.302425403884e+02 
       1.047750691338e-04       4.633080762974e+02 
       1.131335172818e-04       4.989116267507e+02 
       1.221587619877e-04       5.372471946561e+02 
       1.319039970550e-04       5.785234124627e+02 
       1.424266598317e-04       6.229645930980e+02 
       1.537887697396e-04       6.708118484951e+02 
       1.660572938097e-04       7.223242660220e+02 
       1.793045413791e-04       7.777801558223e+02 
       1.936085902737e-04       8.374783607333e+02 
       2.090537469909e-04       9.017396264495e+02 
       2.257310435923e-04       9.709080260152e+02 
       2.437387742372e-04       1.045352448644e+03 
       2.631830745176e-04       1.125468122835e+03 
       2.841785470091e-04       1.211678179511e+03 
       3.068489367268e-04       1.304435249091e+03 
       3.313278604643e-04       1.404223052541e+03 
       3.577595943165e-04       1.511558013390e+03 
       3.862999240274e-04       1.626990836521e+03 
       4.171170631739e-04       1.751108027370e+03 
       4.503926445983e-04       1.884533381345e+03 
       4.863227909323e-04       2.027929376470e+03 
       5.251192705226e-04       2.181998446367e+03 
       5.670107455699e-04       2.347484100857e+03 
       6.122441198393e-04       2.525171869335e+03 
       6.610859938837e-04       2.715889981401e+03 
       7.138242363583e-04       2.920509686089e+03 
       7.707696806873e-04       3.139945097711e+03 
       8.322579570814e-04       3.375152334397e+03 
       8.986514707061e-04       3.627127828231e+03 
       9.703415376577e-04       3.896905450016e+03 
       1.047750691338e-03       4.185552170956e+03 
       1.131335172818e-03       4.494162426791e+03 
       1.221587619877e-03       4.823850702668e+03 
       1.319039970550e-03       5.175742737757e+03 
       1.424266598317e-03       5.551019592520e+03 
       1.537887697396e-03       5.950788335876e+03 
       1.660572938097e-03       6.376123046807e+03 
       1.793045413791e-03       6.828073896117e+03 
       1.936085902737e-03       7.307625375386e+03 
       2.090537469909e-03       7.815671862388e+03 
       2.257310435923e-03       8.352990369402e+03 
       2.437387742372e-03       8.920211057527e+03 
       2.631830745176e-03       9.517783061890e+03 
       2.841785470091e-03       1.014593703671e+04 
       3.068489367268e-03       1.080464505742e+04 
       3.313278604643e-03       1.149357459544e+04 
       3.577595943165e-03       1.221203620826e+04 
       3.862999240274e-03       1.295892538505e+04 
       4.171170631739e-03       1.373266002379e+04 
       4.503926445983e-03       1.453111834595e+04 
       4.863227909323e-03       1.535154984227e+04 
       5.251192705226e-03       1.619063613435e+04 
       5.670107455699e-03       1.704431256550e+04 
       6.122441198393e-03       1.790755938452e+04 
       6.610859938837e-03       1.877460421884e+04 
       7.138242363583e-03       1.963872429100e+04 
       7.707696806873e-03       2.049215713452e+04 
       8.322579570814e-03       2.132607230514e+04 
       8.986514707061e-03       2.213055052507e+04 
       9.703415376577e-03       2.289445470808e+04 
       1.047750691338e-02       2.360548591892e+04 
       1.131335172818e-02       2.425022616386e+04 
       1.221587619877e-02       2.481423921343e+04 
       1.319039970550e-02       2.528218777476e+04 
       1.424266598317e-02       2.563814770860e+04 
       1.537887697392e-02       2.586607330064e+04 
       1.660572938023e-02       2.595029556745e+04 
       1.793045412706e-02       2.587633816452e+04 
       1.936085890181e-02       2.563220454989e+04 
       2.090537352463e-02       2.520934987718e+04 
       2.257309535333e-02       2.460443070785e+04 
       2.437382002918e-02       2.382088485692e+04 
       2.631799944462e-02       2.287043955353e+04 
       2.841644545389e-02       2.177452139073e+04 
       3.067933355377e-02       2.056557142261e+04 
       3.311368470740e-02       1.928730485673e+04 
       3.571840443502e-02       1.799402612006e+04 
       3.847720348444e-02       1.674686371997e+04 
       4.135335538431e-02       1.560460994947e+04 
       4.429361667738e-02       1.461034474039e+04 
       4.724366439141e-02       1.378054991314e+04 
       5.016480835311e-02       1.310509520633e+04 
       5.303989620246e-02       1.255715449542e+04 
       5.586870669566e-02       1.210422972850e+04 
       5.866042680613e-02       1.171464232766e+04 
       6.142798932958e-02       1.136050119066e+04 
       6.418496440164e-02       1.101857833010e+04 
       6.694418833788e-02       1.067074364693e+04 
       6.971731106057e-02       1.030358230830e+04 
       7.251476155766e-02       9.908998775207e+03 
       7.534587671527e-02       9.483773071579e+03 
       7.821907666265e-02       9.029506963344e+03 
       8.114203772912e-02       8.552315642018e+03 
       8.412184535029e-02       8.061943217737e+03 
       8.716512279304e-02       7.570782126589e+03 
       9.027813695930e-02       7.092523096919e+03 
       9.346688431697e-02       6.640528731592e+03 
       9.673716028276e-02       6.226694887038e+03 
       1.000946150830e-01       5.859934775103e+03 
       1.035447986537e-01       5.545261169425e+03 
       1.070931966762e-01       5.283130756341e+03 
       1.107452594425e-01       5.069423175086e+03 
       1.145064249153e-01       4.895261886424e+03 
       1.183821370918e-01       4.747840291165e+03 
       1.223778605862e-01       4.611744862376e+03 
       1.264990921987e-01       4.470629734734e+03 
       1.307513701367e-01       4.310270006647e+03 
       1.351402814784e-01       4.121396950465e+03 
       1.396714684203e-01       3.902058882768e+03 
       1.443506338194e-01       3.658638161651e+03 
       1.491835465229e-01       3.404486094589e+03 
       1.541760469708e-01       3.156681636830e+03 
       1.593340535561e-01       2.931981240159e+03 
       1.646635702297e-01       2.742377077550e+03 
       1.701706958456e-01       2.592259103596e+03 
       1.758616357459e-01       2.477241980841e+03 
       1.817427160982e-01       2.385185764675e+03 
       1.878204015065e-01       2.300358880402e+03 
       1.941013164283e-01       2.205756959468e+03 
       2.005922709503e-01       2.090808526644e+03 
       2.073002914972e-01       1.956467485851e+03 
       2.142326570816e-01       1.814193064226e+03 
       2.213969417533e-01       1.679293472501e+03 
       2.288010639706e-01       1.563850170037e+03 
       2.364533437147e-01       1.472688242830e+03 
       2.443625682930e-01       1.401513726164e+03 
       2.525380679504e-01       1.338414588056e+03 
       2.609898026346e-01       1.270900582575e+03 
       2.697284615565e-01       1.193381576461e+03 
       2.787655775689e-01       1.109340771519e+03 
       2.881136588829e-01       1.028771211861e+03 
       2.977863412677e-01       9.604810498372e+02 
       3.077985646929e-01       9.050216868750e+02 
       3.181667794071e-01       8.561459879084e+02 
       3.289091877812e-01       8.061879027893e+02 
       3.400460299658e-01       7.523900268922e+02 
       3.515999236474e-01       6.989243231240e+02 
       3.635962711085e-01       6.510639546705e+02 
       3.760637506334e-01       6.101219761202e+02 
       3.890349143879e-01       5.721315370670e+02 
       4.025469216825e-01       5.337821890894e+02 
       4.166424456376e-01       4.956327276799e+02 
       4.313708035863e-01       4.604698478652e+02 
       4.467893782977e-01       4.287772468721e+02 
       4.629654199664e-01       3.987733816587e+02 
       4.799783501994e-01       3.692422791981e+02 
       4.979227319373e-01       3.412403866702e+02 
       5.169121270864e-01       3.154841100968e+02 
       5.370841404489e-01       2.908357338832e+02 
       5.586070464571e-01       2.671071566041e+02 
       5.816885094930e-01       2.448098813205e+02 
       6.065870144995e-01       2.235683428619e+02 
       6.336266468475e-01       2.032110573457e+02 
       6.632156059511e-01       1.838792597034e+02 
       6.958678639263e-01       1.653544475301e+02 
       7.322247985589e-01       1.476959719200e+02 
       7.730680195114e-01       1.308340979109e+02 
       8.193049553677e-01       1.148315402727e+02 
       8.718988016039e-01       9.976257780476e+01 
       9.317218031082e-01       8.577815694517e+01 
       9.993660908989e-01       7.305501394238e+01 
       1.075037110174e+00       6.173603717457e+01 
       1.158653485707e+00       5.187913198469e+01 
       1.250099157308e+00       4.344022320755e+01 
       1.349432401273e+00       3.628948155626e+01 
       1.456947457397e+00       3.026802543512e+01 
       1.573135111331e+00       2.521450318425e+01 
       1.698621895592e+00       2.098204014286e+01 
       1.834127512934e+00       1.744240688552e+01 
       1.980444934528e+00       1.448563405241e+01 
       2.138435191726e+00       1.201895970692e+01 
       2.309029199186e+00       9.963130630063e+00 
       2.493232377687e+00       8.251849295357e+00 
       2.692130395285e+00       6.828619883638e+00 
       2.906895534573e+00       5.646239774335e+00 
       3.138793597714e+00       4.664877642636e+00 
       3.389191366484e+00       3.851100411073e+00 
       3.659564657905e+00       3.176956240497e+00 
       3.951507022538e+00       2.618884730555e+00 
       4.266739136701e+00       2.157343099126e+00 
       4.607118943941e+00       1.775937945817e+00 
       4.974652605557e+00       1.460984855888e+00 
       5.371506324689e+00       1.201123236254e+00 
       5.800019113685e+00       9.868799873016e-01 
       6.262716579983e+00       8.103506987227e-01 
       6.762325811764e+00       6.650116404762e-01 
       7.301791451110e+00       5.454254281218e-01 
       7.884293049406e+00       4.470976081082e-01 
       8.513263807261e+00       3.662959151059e-01 
       9.192410809424e+00       2.999410570269e-01 
       9.925736873929e+00       2.454787017529e-01 
       1.071756414427e+01       2.008092855927e-01 
       1.157255956364e+01       1.641843148452e-01 
       1.249576238137e+01       1.341770727136e-01 
       1.349261385375e+01       1.096031193314e-01 
       1.456898931416e+01       8.948904265892e-02 
       1.573123280165e+01       7.303363463314e-02 
       1.698619445202e+01       5.957822297162e-02 
       1.834127087176e+01       4.858120566153e-02 
       1.980444873285e+01       3.959697487564e-02 
       2.138435184532e+01       3.226092359487e-02 
       2.309029198506e+01       2.627320764029e-02 
       2.493232377636e+01       2.138835046677e-02 
       2.692130395282e+01       1.740470119004e-02 
       2.906895534573e+01       1.415724388454e-02 
       3.138793597714e+01       1.151111295064e-02 
       3.389191366484e+01       9.355861689400e-03 
       3.659564657905e+01       7.601008429836e-03 
       3.951507022538e+01       6.172887969956e-03 
       4.266739136701e+01       5.010894677195e-03 
       4.607118943941e+01       4.065993541318e-03 
       4.974652605557e+01       3.297762274255e-03 
       5.371506324689e+01       2.673437164666e-03 
       5.800019113685e+01       2.166273430843e-03 
       6.262716579983e+01       1.754438324025e-03 
       6.762325811764e+01       1.420123580949e-03 
