# Matter power spectrum P(k) at redshift z=99
# for k=1.04775e-05 to 67.6233 h/Mpc,
# number of wavenumbers equal to 246
#    1:k (h/Mpc)              2:P (Mpc/h)^3        
       1.047750691338e-05       7.261927673119e-03 
       1.131335172818e-05       7.820331745737e-03 
       1.221587619877e-05       8.421675986489e-03 
       1.319039970550e-05       9.069258192194e-03 
       1.424266598317e-05       9.766638404421e-03 
       1.537887697396e-05       1.051764069682e-02 
       1.660572938097e-05       1.132639105520e-02 
       1.793045413791e-05       1.219733231416e-02 
       1.936085902737e-05       1.313524224380e-02 
       2.090537469909e-05       1.414527121893e-02 
       2.257310435923e-05       1.523296272192e-02 
       2.437387742372e-05       1.640429444530e-02 
       2.631830745176e-05       1.766569582178e-02 
       2.841785470091e-05       1.902408601793e-02 
       3.068489367268e-05       2.048692970591e-02 
       3.313278604643e-05       2.206225513594e-02 
       3.577595943165e-05       2.375870704909e-02 
       3.862999240274e-05       2.558560727479e-02 
       4.171170631739e-05       2.755297763344e-02 
       4.503926445983e-05       2.967161927315e-02 
       4.863227909323e-05       3.195316450832e-02 
       5.251192705226e-05       3.441013519284e-02 
       5.670107455699e-05       3.705601722524e-02 
       6.122441198393e-05       3.990533413562e-02 
       6.610859938837e-05       4.297372168203e-02 
       7.138242363583e-05       4.627802141688e-02 
       7.707696806873e-05       4.983636194159e-02 
       8.322579570814e-05       5.366826847231e-02 
       8.986514707061e-05       5.779476394568e-02 
       9.703415376577e-05       6.223848243885e-02 
       1.047750691338e-04       6.702379865640e-02 
       1.131335172818e-04       7.217695153381e-02 
       1.221587619877e-04       7.772619073572e-02 
       1.319039970550e-04       8.370193432376e-02 
       1.424266598317e-04       9.013692507545e-02 
       1.537887697396e-04       9.706641242570e-02 
       1.660572938097e-04       1.045283354271e-01 
       1.793045413791e-04       1.125635349068e-01 
       1.936085902737e-04       1.212159614968e-01 
       2.090537469909e-04       1.305329132714e-01 
       2.257310435923e-04       1.405652846215e-01 
       2.437387742372e-04       1.513678302540e-01 
       2.631830745176e-04       1.629994504871e-01 
       2.841785470091e-04       1.755234921224e-01 
       3.068489367268e-04       1.890080670413e-01 
       3.313278604643e-04       2.035264002435e-01 
       3.577595943165e-04       2.191571803681e-01 
       3.862999240274e-04       2.359849437591e-01 
       4.171170631739e-04       2.541004741539e-01 
       4.503926445983e-04       2.736012080277e-01 
       4.863227909323e-04       2.945916790965e-01 
       5.251192705226e-04       3.171839525183e-01 
       5.670107455699e-04       3.414980764002e-01 
       6.122441198393e-04       3.676625413100e-01 
       6.610859938837e-04       3.958147252304e-01 
       7.138242363583e-04       4.261013284911e-01 
       7.707696806873e-04       4.586787792354e-01 
       8.322579570814e-04       4.937136001361e-01 
       8.986514707061e-04       5.313826801402e-01 
       9.703415376577e-04       5.718734972157e-01 
       1.047750691338e-03       6.153841629505e-01 
       1.131335172818e-03       6.621233239465e-01 
       1.221587619877e-03       7.123098220427e-01 
       1.319039970550e-03       7.661720584451e-01 
       1.424266598317e-03       8.239546297731e-01 
       1.537887697396e-03       8.859011173466e-01 
       1.660572938097e-03       9.522588006421e-01 
       1.793045413791e-03       1.023280099819e+00 
       1.936085902737e-03       1.099216304579e+00 
       2.090537469909e-03       1.180312990454e+00 
       2.257310435923e-03       1.266804115850e+00 
       2.437387742372e-03       1.358904853404e+00 
       2.631830745176e-03       1.456802683156e+00 
       2.841785470091e-03       1.560646890522e+00 
       3.068489367268e-03       1.670536062501e+00 
       3.313278604643e-03       1.786503852157e+00 
       3.577595943165e-03       1.908502930789e+00 
       3.862999240274e-03       2.036387730709e+00 
       4.171170631739e-03       2.169896178742e+00 
       4.503926445983e-03       2.308631878994e+00 
       4.863227909323e-03       2.452047290962e+00 
       5.251192705226e-03       2.599430628088e+00 
       5.670107455699e-03       2.749896931816e+00 
       6.122441198393e-03       2.902386513384e+00 
       6.610859938837e-03       3.055668697635e+00 
       7.138242363583e-03       3.208356461548e+00 
       7.707696806873e-03       3.358923892863e+00 
       8.322579570814e-03       3.505725595225e+00 
       8.986514707061e-03       3.647009925268e+00 
       9.703415376577e-03       3.780923304328e+00 
       1.047750691338e-02       3.905491318189e+00 
       1.131335172818e-02       4.018587641258e+00 
       1.221587619877e-02       4.117901583137e+00 
       1.319039970550e-02       4.200915299726e+00 
       1.424266598317e-02       4.264942350408e+00 
       1.537887697392e-02       4.307217629081e+00 
       1.660572938023e-02       4.325061822792e+00 
       1.793045412706e-02       4.316057628270e+00 
       1.936085890181e-02       4.278227326950e+00 
       2.090537352463e-02       4.210200813286e+00 
       2.257309535333e-02       4.111422003186e+00 
       2.437382002918e-02       3.982419629366e+00 
       2.631799944462e-02       3.825173449650e+00 
       2.841644545389e-02       3.643282595696e+00 
       3.067933355377e-02       3.442191448136e+00 
       3.311368470740e-02       3.229234909380e+00 
       3.571840443502e-02       3.013512335514e+00 
       3.847720348444e-02       2.805282175884e+00 
       4.135335538431e-02       2.614409143749e+00 
       4.429361667738e-02       2.448135212355e+00 
       4.724366439141e-02       2.309238159734e+00 
       5.016480835311e-02       2.196114790658e+00 
       5.303989620246e-02       2.104366736895e+00 
       5.586870669566e-02       2.028463887410e+00 
       5.866042680613e-02       1.963150969584e+00 
       6.142798932958e-02       1.903780633446e+00 
       6.418496440164e-02       1.846475796105e+00 
       6.694418833788e-02       1.788196446828e+00 
       6.971731106057e-02       1.726716990859e+00 
       7.251476155766e-02       1.660654965778e+00 
       7.534587671527e-02       1.589470211768e+00 
       7.821907666265e-02       1.513440492607e+00 
       8.114203772912e-02       1.433570282152e+00 
       8.412184535029e-02       1.351489864271e+00 
       8.716512279304e-02       1.269274971288e+00 
       9.027813695930e-02       1.189196094060e+00 
       9.346688431697e-02       1.113502860536e+00 
       9.673716028276e-02       1.044171373287e+00 
       1.000946150830e-01       9.827062798908e-01 
       1.035447986537e-01       9.299374274636e-01 
       1.070931966762e-01       8.859591339679e-01 
       1.107452594425e-01       8.500711500170e-01 
       1.145064249153e-01       8.208036103860e-01 
       1.183821370918e-01       7.960263684156e-01 
       1.223778605862e-01       7.731448826102e-01 
       1.264990921987e-01       7.494507373469e-01 
       1.307513701367e-01       7.225581725585e-01 
       1.351402814784e-01       6.909101818214e-01 
       1.396714684203e-01       6.541825738428e-01 
       1.443506338194e-01       6.134262714372e-01 
       1.491835465229e-01       5.708682247698e-01 
       1.541760469708e-01       5.293638460257e-01 
       1.593340535561e-01       4.917110514450e-01 
       1.646635702297e-01       4.599199786401e-01 
       1.701706958456e-01       4.347295068929e-01 
       1.758616357459e-01       4.154076863418e-01 
       1.817427160982e-01       3.999372462683e-01 
       1.878204015065e-01       3.856823916107e-01 
       1.941013164283e-01       3.698092009415e-01 
       2.005922709503e-01       3.505462845705e-01 
       2.073002914972e-01       3.280429197873e-01 
       2.142326570816e-01       3.042138264766e-01 
       2.213969417533e-01       2.816120175917e-01 
       2.288010639706e-01       2.622571251766e-01 
       2.364533437147e-01       2.469624966468e-01 
       2.443625682930e-01       2.350130162541e-01 
       2.525380679504e-01       2.244178986097e-01 
       2.609898026346e-01       2.130947168798e-01 
       2.697284615565e-01       2.001014320745e-01 
       2.787655775689e-01       1.860202249139e-01 
       2.881136588829e-01       1.725173030935e-01 
       2.977863412677e-01       1.610660721800e-01 
       3.077985646929e-01       1.517606500894e-01 
       3.181667794071e-01       1.435595828654e-01 
       3.289091877812e-01       1.351812640346e-01 
       3.400460299658e-01       1.261640665194e-01 
       3.515999236474e-01       1.172019542571e-01 
       3.635962711085e-01       1.091769004967e-01 
       3.760637506334e-01       1.023096648014e-01 
       3.890349143879e-01       9.593796791824e-02 
       4.025469216825e-01       8.950759147688e-02 
       4.166424456376e-01       8.311148697213e-02 
       4.313708035863e-01       7.721562264727e-02 
       4.467893782977e-01       7.190057689545e-02 
       4.629654199664e-01       6.686898965006e-02 
       4.799783501994e-01       6.191743044357e-02 
       4.979227319373e-01       5.722242954329e-02 
       5.169121270864e-01       5.290299401599e-02 
       5.370841404489e-01       4.876968600473e-02 
       5.586070464571e-01       4.479090971618e-02 
       5.816885094930e-01       4.105198389614e-02 
       6.065870144995e-01       3.748983948500e-02 
       6.336266468475e-01       3.407635592575e-02 
       6.632156059511e-01       3.083457378596e-02 
       6.958678639263e-01       2.772830616501e-02 
       7.322247985589e-01       2.476712688679e-02 
       7.730680195114e-01       2.193951636441e-02 
       8.193049553677e-01       1.925615278146e-02 
       8.718988016039e-01       1.672926065265e-02 
       9.317218031082e-01       1.438417812839e-02 
       9.993660908989e-01       1.225064211733e-02 
       1.075037110174e+00       1.035259965900e-02 
       1.158653485707e+00       8.699689506152e-03 
       1.250099157308e+00       7.284538495904e-03 
       1.349432401273e+00       6.085428956036e-03 
       1.456947457397e+00       5.075681955342e-03 
       1.573135111331e+00       4.228276422783e-03 
       1.698621895592e+00       3.518492760815e-03 
       1.834127512934e+00       2.924918702526e-03 
       1.980444934528e+00       2.429104283232e-03 
       2.138435191726e+00       2.015441657669e-03 
       2.309029199186e+00       1.670688278434e-03 
       2.493232377687e+00       1.383700691525e-03 
       2.692130395285e+00       1.145031824573e-03 
       2.906895534573e+00       9.467525395989e-04 
       3.138793597714e+00       7.821673207305e-04 
       3.389191366484e+00       6.456915354697e-04 
       3.659564657905e+00       5.326248891195e-04 
       3.951507022538e+00       4.390243133311e-04 
       4.266739136701e+00       3.616159793753e-04 
       4.607118943941e+00       2.976360154478e-04 
       4.974652605557e+00       2.448026965893e-04 
       5.371506324689e+00       2.012076111919e-04 
       5.800019113685e+00       1.652562508471e-04 
       6.262716579983e+00       1.356302446402e-04 
       6.762325811764e+00       1.112331443467e-04 
       7.301791451110e+00       9.115360048668e-05 
       7.884293049406e+00       7.463609504450e-05 
       8.513263807261e+00       6.105713630331e-05 
       9.192410809424e+00       4.989714619900e-05 
       9.925736873929e+00       4.073083856721e-05 
       1.071756414427e+01       3.320399132667e-05 
       1.157255956364e+01       2.702537172818e-05 
       1.249576238137e+01       2.195435868538e-05 
       1.349261385375e+01       1.779298496695e-05 
       1.456898931416e+01       1.437864818166e-05 
       1.573123280165e+01       1.157707529809e-05 
       1.698619445202e+01       9.278445341175e-06 
       1.834127087176e+01       7.392710017497e-06 
       1.980444873285e+01       5.846196413812e-06 
       2.138435184532e+01       4.578791023952e-06 
       2.309029198506e+01       3.541662040959e-06 
       2.493232377636e+01       2.695391514513e-06 
       2.692130395282e+01       2.008059443468e-06 
       2.906895534573e+01       1.454245494868e-06 
       3.138793597714e+01       1.013596433016e-06 
       3.389191366484e+01       6.698507265769e-07 
       3.659564657905e+01       4.098674665632e-07 
       3.951507022538e+01       2.226322421861e-07 
       4.266739136701e+01       9.840403073073e-08 
       4.607118943941e+01       2.780555008946e-08 
       4.974652605557e+01       1.063896093725e-09 
       5.371506324689e+01       7.481997572870e-09 
       5.800019113685e+01       3.527956046335e-08 
       6.262716579983e+01       7.200147750738e-08 
       6.762325811764e+01       1.055743927941e-07 
