# Matter power spectrum P(k) at redshift z=99
# for k=1.04775e-05 to 67.6233 h/Mpc,
# number of wavenumbers equal to 246
#    1:k (h/Mpc)              2:P (Mpc/h)^3        
       1.047750691338e-05       7.261927673119e-03 
       1.131335172818e-05       7.820331745737e-03 
       1.221587619877e-05       8.421675986488e-03 
       1.319039970550e-05       9.069258192194e-03 
       1.424266598317e-05       9.766638404421e-03 
       1.537887697396e-05       1.051764069682e-02 
       1.660572938097e-05       1.132639105520e-02 
       1.793045413791e-05       1.219733231416e-02 
       1.936085902737e-05       1.313524224381e-02 
       2.090537469909e-05       1.414527121893e-02 
       2.257310435923e-05       1.523296272192e-02 
       2.437387742372e-05       1.640429444530e-02 
       2.631830745176e-05       1.766569582178e-02 
       2.841785470091e-05       1.902408601793e-02 
       3.068489367268e-05       2.048692970592e-02 
       3.313278604643e-05       2.206225513594e-02 
       3.577595943165e-05       2.375870704909e-02 
       3.862999240274e-05       2.558560727479e-02 
       4.171170631739e-05       2.755297763344e-02 
       4.503926445983e-05       2.967161927315e-02 
       4.863227909323e-05       3.195316450832e-02 
       5.251192705226e-05       3.441013519284e-02 
       5.670107455699e-05       3.705601722522e-02 
       6.122441198393e-05       3.990533413560e-02 
       6.610859938837e-05       4.297372168203e-02 
       7.138242363583e-05       4.627802141688e-02 
       7.707696806873e-05       4.983636194159e-02 
       8.322579570814e-05       5.366826847231e-02 
       8.986514707061e-05       5.779476394569e-02 
       9.703415376577e-05       6.223848243885e-02 
       1.047750691338e-04       6.702379865640e-02 
       1.131335172818e-04       7.217695153381e-02 
       1.221587619877e-04       7.772619073571e-02 
       1.319039970550e-04       8.370193432376e-02 
       1.424266598317e-04       9.013692507548e-02 
       1.537887697396e-04       9.706641242570e-02 
       1.660572938097e-04       1.045283354271e-01 
       1.793045413791e-04       1.125635349068e-01 
       1.936085902737e-04       1.212159614968e-01 
       2.090537469909e-04       1.305329132714e-01 
       2.257310435923e-04       1.405652846215e-01 
       2.437387742372e-04       1.513678302540e-01 
       2.631830745176e-04       1.629994504870e-01 
       2.841785470091e-04       1.755234921224e-01 
       3.068489367268e-04       1.890080670413e-01 
       3.313278604643e-04       2.035264002435e-01 
       3.577595943165e-04       2.191571803681e-01 
       3.862999240274e-04       2.359849437593e-01 
       4.171170631739e-04       2.541004741539e-01 
       4.503926445983e-04       2.736012080277e-01 
       4.863227909323e-04       2.945916790965e-01 
       5.251192705226e-04       3.171839525183e-01 
       5.670107455699e-04       3.414980764002e-01 
       6.122441198393e-04       3.676625413100e-01 
       6.610859938837e-04       3.958147252304e-01 
       7.138242363583e-04       4.261013284917e-01 
       7.707696806873e-04       4.586787792354e-01 
       8.322579570814e-04       4.937136001373e-01 
       8.986514707061e-04       5.313826801402e-01 
       9.703415376577e-04       5.718734972158e-01 
       1.047750691338e-03       6.153841629505e-01 
       1.131335172818e-03       6.621233239465e-01 
       1.221587619877e-03       7.123098220424e-01 
       1.319039970550e-03       7.661720584721e-01 
       1.424266598317e-03       8.239546297728e-01 
       1.537887697396e-03       8.859011173467e-01 
       1.660572938097e-03       9.522588006418e-01 
       1.793045413791e-03       1.023280099819e+00 
       1.936085902737e-03       1.099216304579e+00 
       2.090537469909e-03       1.180312990454e+00 
       2.257310435923e-03       1.266804115852e+00 
       2.437387742372e-03       1.358904853407e+00 
       2.631830745176e-03       1.456802683156e+00 
       2.841785470091e-03       1.560646890521e+00 
       3.068489367268e-03       1.670536062501e+00 
       3.313278604643e-03       1.786503852160e+00 
       3.577595943165e-03       1.908502930787e+00 
       3.862999240274e-03       2.036387730709e+00 
       4.171170631739e-03       2.169896178391e+00 
       4.503926445983e-03       2.308631878993e+00 
       4.863227909323e-03       2.452047290961e+00 
       5.251192705226e-03       2.599430628087e+00 
       5.670107455699e-03       2.749896931843e+00 
       6.122441198393e-03       2.902386513384e+00 
       6.610859938837e-03       3.055668709717e+00 
       7.138242363583e-03       3.208356461541e+00 
       7.707696806873e-03       3.358923892373e+00 
       8.322579570814e-03       3.505725138372e+00 
       8.986514707061e-03       3.647009630322e+00 
       9.703415376577e-03       3.780923304322e+00 
       1.047750691338e-02       3.905490424876e+00 
       1.131335172818e-02       4.018586128734e+00 
       1.221587619877e-02       4.117901585165e+00 
       1.319039970550e-02       4.200915319129e+00 
       1.424266598317e-02       4.264943794360e+00 
       1.537887697392e-02       4.307220214239e+00 
       1.660572938023e-02       4.325063046970e+00 
       1.793045412706e-02       4.316059353446e+00 
       1.936085890181e-02       4.278225910411e+00 
       2.090537352463e-02       4.210205083192e+00 
       2.257309535333e-02       4.111417089460e+00 
       2.437382002918e-02       3.982425748522e+00 
       2.631799944462e-02       3.825161747363e+00 
       2.841644545389e-02       3.643276714787e+00 
       3.067933355377e-02       3.442198791371e+00 
       3.311368470740e-02       3.229240485168e+00 
       3.571840443502e-02       3.013515141617e+00 
       3.847720348444e-02       2.805289369612e+00 
       4.135335538431e-02       2.614409796614e+00 
       4.429361667738e-02       2.448131657276e+00 
       4.724366439141e-02       2.309241403940e+00 
       5.016480835311e-02       2.196110478745e+00 
       5.303989620246e-02       2.104364923453e+00 
       5.586870669566e-02       2.028466916803e+00 
       5.866042680613e-02       1.963156569370e+00 
       6.142798932958e-02       1.903776429618e+00 
       6.418496440164e-02       1.846478028414e+00 
       6.694418833788e-02       1.788199885732e+00 
       6.971731106057e-02       1.726714941149e+00 
       7.251476155766e-02       1.660653361981e+00 
       7.534587671527e-02       1.589472011131e+00 
       7.821907666265e-02       1.513436239154e+00 
       8.114203772912e-02       1.433566672946e+00 
       8.412184535029e-02       1.351493559086e+00 
       8.716512279304e-02       1.269274044276e+00 
       9.027813695930e-02       1.189191544091e+00 
       9.346688431697e-02       1.113502836469e+00 
       9.673716028276e-02       1.044174883431e+00 
       1.000946150830e-01       9.827049598738e-01 
       1.035447986537e-01       9.299361260899e-01 
       1.070931966762e-01       8.859592982140e-01 
       1.107452594425e-01       8.500707894371e-01 
       1.145064249153e-01       8.208058188722e-01 
       1.183821370918e-01       7.960244961843e-01 
       1.223778605862e-01       7.731464794979e-01 
       1.264990921987e-01       7.494530810391e-01 
       1.307513701367e-01       7.225568465248e-01 
       1.351402814784e-01       6.909096129520e-01 
       1.396714684203e-01       6.541814660530e-01 
       1.443506338194e-01       6.134276447324e-01 
       1.491835465229e-01       5.708673279662e-01 
       1.541760469708e-01       5.293655999780e-01 
       1.593340535561e-01       4.917115142236e-01 
       1.646635702297e-01       4.599200138758e-01 
       1.701706958456e-01       4.347290733042e-01 
       1.758616357459e-01       4.154080697551e-01 
       1.817427160982e-01       3.999369046667e-01 
       1.878204015065e-01       3.856829563091e-01 
       1.941013164283e-01       3.698097676181e-01 
       2.005922709503e-01       3.505464031497e-01 
       2.073002914972e-01       3.280431616091e-01 
       2.142326570816e-01       3.042141172315e-01 
       2.213969417533e-01       2.816111866874e-01 
       2.288010639706e-01       2.622569503142e-01 
       2.364533437147e-01       2.469618865952e-01 
       2.443625682930e-01       2.350132407571e-01 
       2.525380679504e-01       2.244180834118e-01 
       2.609898026346e-01       2.130933370790e-01 
       2.697284615565e-01       2.001012376424e-01 
       2.787655775689e-01       1.860198610847e-01 
       2.881136588829e-01       1.725171634350e-01 
       2.977863412677e-01       1.610664510614e-01 
       3.077985646929e-01       1.517612882456e-01 
       3.181667794071e-01       1.435593041607e-01 
       3.289091877812e-01       1.351811452530e-01 
       3.400460299658e-01       1.261639187177e-01 
       3.515999236474e-01       1.172012918787e-01 
       3.635962711085e-01       1.091762811910e-01 
       3.760637506334e-01       1.023093067387e-01 
       3.890349143879e-01       9.593732779378e-02 
       4.025469216825e-01       8.950725729927e-02 
       4.166424456376e-01       8.311127801766e-02 
       4.313708035863e-01       7.721493025589e-02 
       4.467893782977e-01       7.189988799673e-02 
       4.629654199664e-01       6.686851790855e-02 
       4.799783501994e-01       6.191705424956e-02 
       4.979227319373e-01       5.722161305196e-02 
       5.169121270864e-01       5.290218655359e-02 
       5.370841404489e-01       4.876907613686e-02 
       5.586070464571e-01       4.479001109716e-02 
       5.816885094930e-01       4.105088641216e-02 
       6.065870144995e-01       3.748892389484e-02 
       6.336266468475e-01       3.407514376504e-02 
       6.632156059511e-01       3.083346757982e-02 
       6.958678639263e-01       2.772706134356e-02 
       7.322247985589e-01       2.476580982631e-02 
       7.730680195114e-01       2.193816298724e-02 
       8.193049553677e-01       1.925468032834e-02 
       8.718988016039e-01       1.672760451644e-02 
       9.317218031082e-01       1.438239925673e-02 
       9.993660908989e-01       1.224867542259e-02 
       1.075037110174e+00       1.035038160145e-02 
       1.158653485707e+00       8.697241877117e-03 
       1.250099157308e+00       7.281852568006e-03 
       1.349432401273e+00       6.082467012831e-03 
       1.456947457397e+00       5.072415550611e-03 
       1.573135111331e+00       4.224670226186e-03 
       1.698621895592e+00       3.514546376307e-03 
       1.834127512934e+00       2.920587267368e-03 
       1.980444934528e+00       2.424317183613e-03 
       2.138435191726e+00       2.010202228847e-03 
       2.309029199186e+00       1.664964966298e-03 
       2.493232377687e+00       1.377446159821e-03 
       2.692130395285e+00       1.138208148792e-03 
       2.906895534573e+00       9.393097377596e-04 
       3.138793597714e+00       7.740823924817e-04 
       3.389191366484e+00       6.369162141895e-04 
       3.659564657905e+00       5.231176262237e-04 
       3.951507022538e+00       4.287516558610e-04 
       4.266739136701e+00       3.505399438189e-04 
       4.607118943941e+00       2.857303492617e-04 
       4.974652605557e+00       2.320498841405e-04 
       5.371506324689e+00       1.875918216923e-04 
       5.800019113685e+00       1.507854486966e-04 
       6.262716579983e+00       1.203250165050e-04 
       6.762325811764e+00       9.513629328300e-05 
       7.301791451110e+00       7.433759438650e-05 
       7.884293049406e+00       5.720613598590e-05 
       8.513263807261e+00       4.315779414676e-05 
       9.192410809424e+00       3.171774831980e-05 
       9.925736873929e+00       2.250724780739e-05 
       1.071756414427e+01       1.522147593301e-05 
       1.157255956364e+01       9.613399178006e-06 
       1.249576238137e+01       5.477887493766e-06 
       1.349261385375e+01       2.632978836033e-06 
       1.456898931416e+01       9.047122984275e-07 
       1.573123280165e+01       1.109006190738e-07 
       1.698619445202e+01       4.932671445378e-08 
       1.834127087176e+01       4.926675994514e-07 
       1.980444873285e+01       1.193643999367e-06 
       2.138435184532e+01       1.903267375423e-06 
       2.309029198506e+01       2.403031048427e-06 
       2.493232377636e+01       2.544674077369e-06 
       2.692130395282e+01       2.287714956181e-06 
       2.906895534573e+01       1.715466190470e-06 
       3.138793597714e+01       1.013799732834e-06 
       3.389191366484e+01       4.061616595672e-07 
       3.659564657905e+01       6.081736313406e-08 
       3.951507022538e+01       1.255283013814e-08 
       4.266739136701e+01       1.490148400281e-07 
       4.607118943941e+01       2.855578137278e-07 
       4.974652605557e+01       2.911186200335e-07 
       5.371506324689e+01       1.731678534593e-07 
       5.800019113685e+01       4.481135639537e-08 
       6.262716579983e+01       1.312964362156e-11 
       6.762325811764e+01       2.521779102519e-08 
