# Matter power spectrum P(k) at redshift z=0
# for k=1.04775e-05 to 134.926 h/Mpc,
# number of wavenumbers equal to 255
#    1:k (h/Mpc)              2:P (Mpc/h)^3        
       1.047750691338e-05       5.020963906804e+01 
       1.131335172818e-05       5.407048937148e+01 
       1.221587619877e-05       5.822820724029e+01 
       1.319039970550e-05       6.270562047249e+01 
       1.424266598317e-05       6.752731476098e+01 
       1.537887697396e-05       7.271975715395e+01 
       1.660572938097e-05       7.831147101246e+01 
       1.793045413791e-05       8.433312302135e+01 
       1.936085902737e-05       9.081780130646e+01 
       2.090537469909e-05       9.780107449596e+01 
       2.257310435923e-05       1.053212938596e+02 
       2.437387742372e-05       1.134197268469e+02 
       2.631830745176e-05       1.221408285625e+02 
       2.841785470091e-05       1.315324590474e+02 
       3.068489367268e-05       1.416461671356e+02 
       3.313278604643e-05       1.525374478903e+02 
       3.577595943165e-05       1.642660517212e+02 
       3.862999240274e-05       1.768963429375e+02 
       4.171170631739e-05       1.904975997819e+02 
       4.503926445983e-05       2.051444243234e+02 
       4.863227909323e-05       2.209171412049e+02 
       5.251192705226e-05       2.379022266147e+02 
       5.670107455699e-05       2.561927841241e+02 
       6.122441198393e-05       2.758890479679e+02 
       6.610859938837e-05       2.970989213983e+02 
       7.138242363583e-05       3.199385559930e+02 
       7.707696806873e-05       3.445329727006e+02 
       8.322579570814e-05       3.710167324010e+02 
       8.986514707061e-05       3.995346444121e+02 
       9.703415376577e-05       4.302425389349e+02 
       1.047750691338e-04       4.633080773458e+02 
       1.131335172818e-04       4.989116271629e+02 
       1.221587619877e-04       5.372471938794e+02 
       1.319039970550e-04       5.785234116877e+02 
       1.424266598317e-04       6.229645933134e+02 
       1.537887697396e-04       6.708118487509e+02 
       1.660572938097e-04       7.223242657764e+02 
       1.793045413791e-04       7.777801571265e+02 
       1.936085902737e-04       8.374783638364e+02 
       2.090537469909e-04       9.017396276694e+02 
       2.257310435923e-04       9.709080297650e+02 
       2.437387742372e-04       1.045352453376e+03 
       2.631830745176e-04       1.125468127721e+03 
       2.841785470091e-04       1.211678185928e+03 
       3.068489367268e-04       1.304435256065e+03 
       3.313278604643e-04       1.404223062921e+03 
       3.577595943165e-04       1.511558029577e+03 
       3.862999240274e-04       1.626990852555e+03 
       4.171170631739e-04       1.751108045602e+03 
       4.503926445983e-04       1.884533404754e+03 
       4.863227909323e-04       2.027929406955e+03 
       5.251192705226e-04       2.181998483912e+03 
       5.670107455699e-04       2.347484146065e+03 
       6.122441198393e-04       2.525171925195e+03 
       6.610859938837e-04       2.715890054977e+03 
       7.138242363583e-04       2.920509779319e+03 
       7.707696806873e-04       3.139945208049e+03 
       8.322579570814e-04       3.375152477015e+03 
       8.986514707061e-04       3.627128020458e+03 
       9.703415376577e-04       3.896905669500e+03 
       1.047750691338e-03       4.185552452606e+03 
       1.131335172818e-03       4.494162775561e+03 
       1.221587619877e-03       4.823851150579e+03 
       1.319039970550e-03       5.175743278690e+03 
       1.424266598317e-03       5.551020298655e+03 
       1.537887697396e-03       5.950789185396e+03 
       1.660572938097e-03       6.376124150006e+03 
       1.793045413791e-03       6.828075236526e+03 
       1.936085902737e-03       7.307627050970e+03 
       2.090537469909e-03       7.815673958942e+03 
       2.257310435923e-03       8.352992922832e+03 
       2.437387742372e-03       8.920214306145e+03 
       2.631830745176e-03       9.517787166417e+03 
       2.841785470091e-03       1.014594130633e+04 
       3.068489367268e-03       1.080465136426e+04 
       3.313278604643e-03       1.149358239435e+04 
       3.577595943165e-03       1.221204586752e+04 
       3.862999240274e-03       1.295893666348e+04 
       4.171170631739e-03       1.373267338419e+04 
       4.503926445983e-03       1.453113499761e+04 
       4.863227909323e-03       1.535157113388e+04 
       5.251192705226e-03       1.619066145404e+04 
       5.670107455699e-03       1.704433880289e+04 
       6.122441198393e-03       1.790758129843e+04 
       6.610859938837e-03       1.877461998746e+04 
       7.138242363583e-03       1.963874667426e+04 
       7.707696806873e-03       2.049217383306e+04 
       8.322579570814e-03       2.132612241348e+04 
       8.986514707061e-03       2.213056598513e+04 
       9.703415376577e-03       2.289447360925e+04 
       1.047750691338e-02       2.360549511410e+04 
       1.131335172818e-02       2.425023985155e+04 
       1.221587619877e-02       2.481424714378e+04 
       1.319039970550e-02       2.528220330219e+04 
       1.424266598317e-02       2.563815252210e+04 
       1.537887697392e-02       2.586608102111e+04 
       1.660572938023e-02       2.595027053791e+04 
       1.793045412706e-02       2.587635575703e+04 
       1.936085890181e-02       2.563219275691e+04 
       2.090537352463e-02       2.520936321682e+04 
       2.257309535333e-02       2.460445414749e+04 
       2.437382002918e-02       2.382086921748e+04 
       2.631799944462e-02       2.287040082980e+04 
       2.841644545389e-02       2.177448390453e+04 
       3.067933355377e-02       2.056556695747e+04 
       3.311368470740e-02       1.928730649579e+04 
       3.571840443502e-02       1.799402182334e+04 
       3.847720348444e-02       1.674684330329e+04 
       4.135335538431e-02       1.560459930836e+04 
       4.429361667738e-02       1.461036763477e+04 
       4.724366439141e-02       1.378054146703e+04 
       5.016480835311e-02       1.310503184768e+04 
       5.303989620246e-02       1.255714222808e+04 
       5.586870669566e-02       1.210422188919e+04 
       5.866042680613e-02       1.171463951150e+04 
       6.142798932958e-02       1.136053041821e+04 
       6.418496440164e-02       1.101860434126e+04 
       6.694418833788e-02       1.067073179865e+04 
       6.971731106057e-02       1.030355842857e+04 
       7.251476155766e-02       9.909051006999e+03 
       7.534587671527e-02       9.483752280400e+03 
       7.821907666265e-02       9.029525868847e+03 
       8.114203772912e-02       8.552296294345e+03 
       8.412184535029e-02       8.061967613732e+03 
       8.716512279304e-02       7.570757996271e+03 
       9.027813695930e-02       7.092456833356e+03 
       9.346688431697e-02       6.640522369239e+03 
       9.673716028276e-02       6.226714603038e+03 
       1.000946150830e-01       5.859921295943e+03 
       1.035447986537e-01       5.545262615378e+03 
       1.070931966762e-01       5.283127220323e+03 
       1.107452594425e-01       5.069398003134e+03 
       1.145064249153e-01       4.895223049707e+03 
       1.183821370918e-01       4.747814638809e+03 
       1.223778605862e-01       4.611713437459e+03 
       1.264990921987e-01       4.470600839950e+03 
       1.307513701367e-01       4.310246753267e+03 
       1.351402814784e-01       4.121362194390e+03 
       1.396714684203e-01       3.902047951375e+03 
       1.443506338194e-01       3.658641292233e+03 
       1.491835465229e-01       3.404468180443e+03 
       1.541760469708e-01       3.156639333889e+03 
       1.593340535561e-01       2.931928660602e+03 
       1.646635702297e-01       2.742342130204e+03 
       1.701706958456e-01       2.592214608239e+03 
       1.758616357459e-01       2.477200042134e+03 
       1.817427160982e-01       2.385158946718e+03 
       1.878204015065e-01       2.300306592867e+03 
       1.941013164283e-01       2.205720615566e+03 
       2.005922709503e-01       2.090781546338e+03 
       2.073002914972e-01       1.956424503632e+03 
       2.142326570816e-01       1.814149961617e+03 
       2.213969417533e-01       1.679243769026e+03 
       2.288010639706e-01       1.563805120382e+03 
       2.364533437147e-01       1.472643949242e+03 
       2.443625682930e-01       1.401482113284e+03 
       2.525380679504e-01       1.338369058014e+03 
       2.609898026346e-01       1.270861665749e+03 
       2.697284615565e-01       1.193343436764e+03 
       2.787655775689e-01       1.109299128952e+03 
       2.881136588829e-01       1.028727904607e+03 
       2.977863412677e-01       9.604362274916e+02 
       3.077985646929e-01       9.049807670302e+02 
       3.181667794071e-01       8.561028962518e+02 
       3.289091877812e-01       8.061471094335e+02 
       3.400460299658e-01       7.523498872650e+02 
       3.515999236474e-01       6.988808596422e+02 
       3.635962711085e-01       6.510206835597e+02 
       3.760637506334e-01       6.100815730381e+02 
       3.890349143879e-01       5.720893592078e+02 
       4.025469216825e-01       5.337402335464e+02 
       4.166424456376e-01       4.955899500152e+02 
       4.313708035863e-01       4.604266428964e+02 
       4.467893782977e-01       4.287349403819e+02 
       4.629654199664e-01       3.987307279786e+02 
       4.799783501994e-01       3.691998453568e+02 
       4.979227319373e-01       3.411981668842e+02 
       5.169121270864e-01       3.154416956181e+02 
       5.370841404489e-01       2.907939448024e+02 
       5.586070464571e-01       2.670642359142e+02 
       5.816885094930e-01       2.447684558782e+02 
       6.065870144995e-01       2.235270998366e+02 
       6.336266468475e-01       2.031696189957e+02 
       6.632156059511e-01       1.838383911834e+02 
       6.958678639263e-01       1.653150427467e+02 
       7.322247985589e-01       1.476563674773e+02 
       7.730680195114e-01       1.307948503269e+02 
       8.193049553677e-01       1.147926569404e+02 
       8.718988016039e-01       9.972466832423e+01 
       9.317218031082e-01       8.574013765613e+01 
       9.993660908989e-01       7.301776126205e+01 
       1.075037110174e+00       6.169947650486e+01 
       1.158653485707e+00       5.184319780214e+01 
       1.250099157308e+00       4.340520455601e+01 
       1.349432401273e+00       3.625530318495e+01 
       1.456947457397e+00       3.023483247086e+01 
       1.573135111331e+00       2.518209637653e+01 
       1.698621895592e+00       2.095049536540e+01 
       1.834127512934e+00       1.741161874354e+01 
       1.980444934528e+00       1.445579994392e+01 
       2.138435191726e+00       1.198993091338e+01 
       2.309029199186e+00       9.935014662897e+00 
       2.493232377687e+00       8.224594496873e+00 
       2.692130395285e+00       6.802187697685e+00 
       2.906895534573e+00       5.620757085613e+00 
       3.138793597714e+00       4.640284119372e+00 
       3.389191366484e+00       3.827332909219e+00 
       3.659564657905e+00       3.153983889741e+00 
       3.951507022538e+00       2.596774075541e+00 
       4.266739136701e+00       2.136063646785e+00 
       4.607118943941e+00       1.755456721118e+00 
       4.974652605557e+00       1.441313951740e+00 
       5.371506324689e+00       1.182239711437e+00 
       5.800019113685e+00       9.687566969030e-01 
       6.262716579983e+00       7.929878731487e-01 
       6.762325811764e+00       6.483837555568e-01 
       7.301791451110e+00       5.295281231819e-01 
       7.884293049406e+00       4.319103826300e-01 
       8.513263807261e+00       3.518008358546e-01 
       9.192410809424e+00       2.861270279615e-01 
       9.925736873929e+00       2.323342998564e-01 
       1.071756414427e+01       1.883058126373e-01 
       1.157255956364e+01       1.523192296126e-01 
       1.249576238137e+01       1.229305919357e-01 
       1.349261385375e+01       9.895952672826e-02 
       1.456898931416e+01       7.943612685230e-02 
       1.573123280165e+01       6.355657110026e-02 
       1.698619445202e+01       5.066454456086e-02 
       1.834127087176e+01       4.021639151015e-02 
       1.980444873285e+01       3.176795675552e-02 
       2.138435184532e+01       2.495491177684e-02 
       2.309029198506e+01       1.947692565594e-02 
       2.493232377636e+01       1.508847111574e-02 
       2.692130395282e+01       1.158823404173e-02 
       2.906895534573e+01       8.810581341322e-03 
       3.138793597714e+01       6.620097033770e-03 
       3.389191366484e+01       4.905687904549e-03 
       3.659564657905e+01       3.576081037030e-03 
       3.951507022538e+01       2.556194094759e-03 
       4.266739136701e+01       1.784704620796e-03 
       4.607118943941e+01       1.210818027776e-03 
       4.974652605557e+01       7.928270699631e-04 
       5.371506324689e+01       4.963644084088e-04 
       5.800019113685e+01       2.931191698579e-04 
       6.262716579983e+01       1.598918603504e-04 
       6.762325811764e+01       7.774589561995e-05 
       7.301791451110e+01       3.143101463679e-05 
       7.884293049406e+01       8.880101923889e-06 
       8.513263807261e+01       8.173185917548e-07 
       9.192410809424e+01       4.333555357526e-07 
       9.925736873929e+01       3.059525509999e-06 
       1.071756414427e+02       5.843310319452e-06 
       1.157255956364e+02       7.388219863237e-06 
       1.249576238137e+02       7.367111613783e-06 
       1.349261385375e+02       6.130891926676e-06 
