# Matter power spectrum P(k) at redshift z=99
# for k=1.04775e-05 to 134.926 h/Mpc,
# number of wavenumbers equal to 255
#    1:k (h/Mpc)              2:P (Mpc/h)^3        
       1.047750691338e-05       7.261979763097e-03 
       1.131335172818e-05       7.820388829399e-03 
       1.221587619877e-05       8.421736415073e-03 
       1.319039970550e-05       9.069323491934e-03 
       1.424266598317e-05       9.766707170517e-03 
       1.537887697396e-05       1.051771595792e-02 
       1.660572938097e-05       1.132647298659e-02 
       1.793045413791e-05       1.219742050353e-02 
       1.936085902737e-05       1.313533677935e-02 
       2.090537469909e-05       1.414537389239e-02 
       2.257310435923e-05       1.523307574724e-02 
       2.437387742372e-05       1.640441569284e-02 
       2.631830745176e-05       1.766582388484e-02 
       2.841785470091e-05       1.902422471011e-02 
       3.068489367268e-05       2.048707603618e-02 
       3.313278604643e-05       2.206241275535e-02 
       3.577595943165e-05       2.375887947520e-02 
       3.862999240274e-05       2.558579083504e-02 
       4.171170631739e-05       2.755317532122e-02 
       4.503926445983e-05       2.967183445500e-02 
       4.863227909323e-05       3.195339571960e-02 
       5.251192705226e-05       3.441038437557e-02 
       5.670107455699e-05       3.705628641222e-02 
       6.122441198393e-05       3.990562374933e-02 
       6.610859938837e-05       4.297403470182e-02 
       7.138242363583e-05       4.627835619929e-02 
       7.707696806873e-05       4.983672284041e-02 
       8.322579570814e-05       5.366865654020e-02 
       8.986514707061e-05       5.779518146816e-02 
       9.703415376577e-05       6.223893242433e-02 
       1.047750691338e-04       6.702428252857e-02 
       1.131335172818e-04       7.217747020499e-02 
       1.221587619877e-04       7.772675108436e-02 
       1.319039970550e-04       8.370253770242e-02 
       1.424266598317e-04       9.013757464299e-02 
       1.537887697396e-04       9.706711039731e-02 
       1.660572938097e-04       1.045290863259e-01 
       1.793045413791e-04       1.125643416544e-01 
       1.936085902737e-04       1.212168292094e-01 
       2.090537469909e-04       1.305338459505e-01 
       2.257310435923e-04       1.405662874338e-01 
       2.437387742372e-04       1.513689077513e-01 
       2.631830745176e-04       1.630006078512e-01 
       2.841785470091e-04       1.755247342969e-01 
       3.068489367268e-04       1.890094014940e-01 
       3.313278604643e-04       2.035278313965e-01 
       3.577595943165e-04       2.191587142240e-01 
       3.862999240274e-04       2.359865874664e-01 
       4.171170631739e-04       2.541022311108e-01 
       4.503926445983e-04       2.736030863266e-01 
       4.863227909323e-04       2.945936846348e-01 
       5.251192705226e-04       3.171860874778e-01 
       5.670107455699e-04       3.415003484854e-01 
       6.122441198393e-04       3.676649504546e-01 
       6.610859938837e-04       3.958172753509e-01 
       7.138242363583e-04       4.261040164725e-01 
       7.707696806873e-04       4.586816029038e-01 
       8.322579570814e-04       4.937165477648e-01 
       8.986514707061e-04       5.313857398403e-01 
       9.703415376577e-04       5.718766448561e-01 
       1.047750691338e-03       6.153873675640e-01 
       1.131335172818e-03       6.621265394633e-01 
       1.221587619877e-03       7.123129865310e-01 
       1.319039970550e-03       7.661750869222e-01 
       1.424266598317e-03       8.239574597773e-01 
       1.537887697396e-03       8.859035578430e-01 
       1.660572938097e-03       9.522605663286e-01 
       1.793045413791e-03       1.023280798710e+00 
       1.936085902737e-03       1.099215437055e+00 
       2.090537469909e-03       1.180309880657e+00 
       2.257310435923e-03       1.266797890546e+00 
       2.437387742372e-03       1.358894336157e+00 
       2.631830745176e-03       1.456786331785e+00 
       2.841785470091e-03       1.560622619091e+00 
       3.068489367268e-03       1.670501078916e+00 
       3.313278604643e-03       1.786454411957e+00 
       3.577595943165e-03       1.908434055824e+00 
       3.862999240274e-03       2.036292628677e+00 
       4.171170631739e-03       2.169765772253e+00 
       4.503926445983e-03       2.308453709296e+00 
       4.863227909323e-03       2.451804728262e+00 
       5.251192705226e-03       2.599101251293e+00 
       5.670107455699e-03       2.749449332968e+00 
       6.122441198393e-03       2.901779535617e+00 
       6.610859938837e-03       3.054847816915e+00 
       7.138242363583e-03       3.207249285673e+00 
       7.707696806873e-03       3.357433289779e+00 
       8.322579570814e-03       3.503725297853e+00 
       8.986514707061e-03       3.644332677761e+00 
       9.703415376577e-03       3.777352341985e+00 
       1.047750691338e-02       3.900744575932e+00 
       1.131335172818e-02       4.012304489487e+00 
       1.221587619877e-02       4.109617492749e+00 
       1.319039970550e-02       4.190043325024e+00 
       1.424266598317e-02       4.250737253386e+00 
       1.537887697392e-02       4.288748048903e+00 
       1.660572938023e-02       4.301164234417e+00 
       1.793045412706e-02       4.285306646623e+00 
       1.936085890181e-02       4.238887877903e+00 
       2.090537352463e-02       4.160195697564e+00 
       2.257309535333e-02       4.048285037301e+00 
       2.437382002918e-02       3.903328818318e+00 
       2.631799944462e-02       3.726872102709e+00 
       2.841644545389e-02       3.522227805483e+00 
       3.067933355377e-02       3.294565763246e+00 
       3.311368470740e-02       3.051124507027e+00 
       3.571840443502e-02       2.801178322133e+00 
       3.847720348444e-02       2.555526962003e+00 
       4.135335538431e-02       2.325008458917e+00 
       4.429361667738e-02       2.118103377109e+00 
       4.724366439141e-02       1.938879371382e+00 
       5.016480835311e-02       1.786736035683e+00 
       5.303989620246e-02       1.657956094528e+00 
       5.586870669566e-02       1.547484411417e+00 
       5.866042680613e-02       1.450398662578e+00 
       6.142798932958e-02       1.362356746117e+00 
       6.418496440164e-02       1.279775490614e+00 
       6.694418833788e-02       1.199860162335e+00 
       6.971731106057e-02       1.120581150498e+00 
       7.251476155766e-02       1.040650197647e+00 
       7.534587671527e-02       9.594916101510e-01 
       7.821907666265e-02       8.771899993760e-01 
       8.114203772912e-02       7.944207682938e-01 
       8.412184535029e-02       7.123289621987e-01 
       8.716512279304e-02       6.323601436145e-01 
       9.027813695930e-02       5.561059319143e-01 
       9.346688431697e-02       4.850454372304e-01 
       9.673716028276e-02       4.204272472080e-01 
       1.000946150830e-01       3.630693602838e-01 
       1.035447986537e-01       3.133096517266e-01 
       1.070931966762e-01       2.709742367411e-01 
       1.107452594425e-01       2.354504348692e-01 
       1.145064249153e-01       2.057615480459e-01 
       1.183821370918e-01       1.807028891515e-01 
       1.223778605862e-01       1.589682704056e-01 
       1.264990921987e-01       1.393113093020e-01 
       1.307513701367e-01       1.207041698099e-01 
       1.351402814784e-01       1.025044765660e-01 
       1.396714684203e-01       8.455678325517e-02 
       1.443506338194e-01       6.720411155421e-02 
       1.491835465229e-01       5.113885499087e-02 
       1.541760469708e-01       3.714332385545e-02 
       1.593340535561e-01       2.579378686642e-02 
       1.646635702297e-01       1.726568613537e-02 
       1.701706958456e-01       1.129978373265e-02 
       1.758616357459e-01       7.351716594986e-03 
       1.817427160982e-01       4.788899831599e-03 
       1.878204015065e-01       3.077343212625e-03 
       1.941013164283e-01       1.828844207262e-03 
       2.005922709503e-01       8.667209235783e-04 
       2.073002914972e-01       2.196194883256e-04 
       2.142326570816e-01       3.196272816771e-07 
       2.213969417533e-01       2.355371906154e-04 
       2.288010639706e-01       7.811753007396e-04 
       2.364533437147e-01       1.379638114656e-03 
       2.443625682930e-01       1.821473287898e-03 
       2.525380679504e-01       2.076736578517e-03 
       2.609898026346e-01       2.250324995938e-03 
       2.697284615565e-01       2.453989969093e-03 
       2.787655775689e-01       2.724548361314e-03 
       2.881136588829e-01       2.976908899895e-03 
       2.977863412677e-01       3.057098995810e-03 
       3.077985646929e-01       2.896445411249e-03 
       3.181667794071e-01       2.563116541950e-03 
       3.289091877812e-01       2.199524952590e-03 
       3.400460299658e-01       1.897363661063e-03 
       3.515999236474e-01       1.637691336701e-03 
       3.635962711085e-01       1.363987435673e-03 
       3.760637506334e-01       1.053404716093e-03 
       3.890349143879e-01       7.566917870475e-04 
       4.025469216825e-01       5.205210862002e-04 
       4.166424456376e-01       3.476513162734e-04 
       4.313708035863e-01       2.142993902069e-04 
       4.467893782977e-01       1.123878085964e-04 
       4.629654199664e-01       4.596581556888e-05 
       4.799783501994e-01       1.261480836803e-05 
       4.979227319373e-01       7.587854040559e-07 
       5.169121270864e-01       2.201395686168e-06 
       5.370841404489e-01       1.115172551842e-05 
       5.586070464571e-01       2.094229523550e-05 
       5.816885094930e-01       2.844998937862e-05 
       6.065870144995e-01       3.150738390843e-05 
       6.336266468475e-01       2.917832400712e-05 
       6.632156059511e-01       2.324454697343e-05 
       6.958678639263e-01       1.540044903627e-05 
       7.322247985589e-01       8.084502452359e-06 
       7.730680195114e-01       2.893324261659e-06 
       8.193049553677e-01       4.298121529379e-07 
       8.718988016039e-01       2.292814681888e-08 
       9.317218031082e-01       3.803057645356e-07 
       9.993660908989e-01       5.222015563472e-07 
       1.075037110174e+00       3.162842970534e-07 
       1.158653485707e+00       8.709752100830e-08 
       1.250099157308e+00       3.860001782639e-09 
       1.349432401273e+00       3.763044282078e-09 
       1.456947457397e+00       6.420962316456e-09 
       1.573135111331e+00       1.971885360175e-09 
       1.698621895592e+00       1.106692370263e-11 
       1.834127512934e+00       2.742783246397e-10 
       1.980444934528e+00       2.760271783717e-10 
       2.138435191726e+00       7.504843445496e-11 
       2.309029199186e+00       8.556723011125e-12 
       2.493232377687e+00       2.468876789043e-12 
       2.692130395285e+00       4.629001010796e-12 
       2.906895534573e+00       6.048889661667e-12 
       3.138793597714e+00       4.357068196845e-12 
       3.389191366484e+00       2.687028654057e-12 
       3.659564657905e+00       1.757451149160e-12 
       3.951507022538e+00       1.451304652273e-12 
       4.266739136701e+00       9.604726620091e-13 
       4.607118943941e+00       7.390047878612e-13 
       4.974652605557e+00       4.599513136268e-13 
       5.371506324689e+00       3.401725516496e-13 
       5.800019113685e+00       2.627750542618e-13 
       6.262716579983e+00       3.094386503824e-13 
       6.762325811764e+00       1.335129321546e-13 
       7.301791451110e+00       7.984077358002e-14 
       7.884293049406e+00       3.647158822574e-14 
       8.513263807261e+00       2.380000066329e-14 
       9.192410809424e+00       4.706497176752e-14 
       9.925736873929e+00       1.530414868626e-13 
       1.071756414427e+01       2.455157468385e-14 
       1.157255956364e+01       8.286462307230e-16 
       1.249576238137e+01       2.594767368348e-15 
       1.349261385375e+01       2.665740425606e-14 
       1.456898931416e+01       5.017605182725e-16 
       1.573123280165e+01       3.060331793459e-15 
       1.698619445202e+01       5.930916456121e-14 
       1.834127087176e+01       9.177833370457e-15 
       1.980444873285e+01       1.039511696454e-14 
       2.138435184532e+01       8.401327051101e-14 
       2.309029198506e+01       7.210523741883e-15 
       2.493232377636e+01       1.167298639130e-13 
       2.692130395282e+01       2.041046799890e-14 
       2.906895534573e+01       6.539743464660e-15 
       3.138793597714e+01       1.356017682150e-15 
       3.389191366484e+01       8.567790755727e-14 
       3.659564657905e+01       2.763627538797e-16 
       3.951507022538e+01       1.498101418399e-14 
       4.266739136701e+01       4.318383264432e-14 
       4.607118943941e+01       6.196761291141e-14 
       4.974652605557e+01       5.245803384295e-14 
       5.371506324689e+01       9.469366851141e-14 
       5.800019113685e+01       6.293119073535e-14 
       6.262716579983e+01       3.014459840301e-15 
       6.762325811764e+01       2.206897064721e-13 
       7.301791451110e+01       5.019632340068e-14 
       7.884293049406e+01       4.628811622547e-15 
       8.513263807261e+01       9.147935822795e-14 
       9.192410809424e+01       2.568847821967e-14 
       9.925736873929e+01       1.040085533749e-15 
       1.071756414427e+02       7.179939505293e-15 
       1.157255956364e+02       2.655842844040e-15 
       1.249576238137e+02       1.575492899739e-14 
       1.349261385375e+02       1.369511230268e-15 
