# Matter power spectrum P(k) at redshift z=0
# for k=1.04775e-05 to 67.6233 h/Mpc,
# number of wavenumbers equal to 246
#    1:k (h/Mpc)              2:P (Mpc/h)^3        
       1.047750691338e-05       5.020964806755e+01 
       1.131335172818e-05       5.407048206554e+01 
       1.221587619877e-05       5.822819063955e+01 
       1.319039970550e-05       6.270562589679e+01 
       1.424266598317e-05       6.752731788102e+01 
       1.537887697396e-05       7.271977200258e+01 
       1.660572938097e-05       7.831147241542e+01 
       1.793045413791e-05       8.433311815128e+01 
       1.936085902737e-05       9.081778242446e+01 
       2.090537469909e-05       9.780108061339e+01 
       2.257310435923e-05       1.053213197032e+02 
       2.437387742372e-05       1.134197377001e+02 
       2.631830745176e-05       1.221408202816e+02 
       2.841785470091e-05       1.315324720916e+02 
       3.068489367268e-05       1.416462093731e+02 
       3.313278604643e-05       1.525374500691e+02 
       3.577595943165e-05       1.642660687078e+02 
       3.862999240274e-05       1.768963504868e+02 
       4.171170631739e-05       1.904975992460e+02 
       4.503926445983e-05       2.051444490305e+02 
       4.863227909323e-05       2.209171463752e+02 
       5.251192705226e-05       2.379022222314e+02 
       5.670107455699e-05       2.561927925480e+02 
       6.122441198393e-05       2.758890441791e+02 
       6.610859938837e-05       2.970989225465e+02 
       7.138242363583e-05       3.199385558200e+02 
       7.707696806873e-05       3.445329780878e+02 
       8.322579570814e-05       3.710167315928e+02 
       8.986514707061e-05       3.995346440954e+02 
       9.703415376577e-05       4.302425403884e+02 
       1.047750691338e-04       4.633080762974e+02 
       1.131335172818e-04       4.989116267507e+02 
       1.221587619877e-04       5.372471946561e+02 
       1.319039970550e-04       5.785234124629e+02 
       1.424266598317e-04       6.229645930980e+02 
       1.537887697396e-04       6.708118484951e+02 
       1.660572938097e-04       7.223242660220e+02 
       1.793045413791e-04       7.777801554301e+02 
       1.936085902737e-04       8.374783607333e+02 
       2.090537469909e-04       9.017396264495e+02 
       2.257310435923e-04       9.709080260152e+02 
       2.437387742372e-04       1.045352448644e+03 
       2.631830745176e-04       1.125468122835e+03 
       2.841785470091e-04       1.211678179511e+03 
       3.068489367268e-04       1.304435249091e+03 
       3.313278604643e-04       1.404223052541e+03 
       3.577595943165e-04       1.511558013390e+03 
       3.862999240274e-04       1.626990836387e+03 
       4.171170631739e-04       1.751108027370e+03 
       4.503926445983e-04       1.884533381345e+03 
       4.863227909323e-04       2.027929376469e+03 
       5.251192705226e-04       2.181998446367e+03 
       5.670107455699e-04       2.347484100857e+03 
       6.122441198393e-04       2.525171869337e+03 
       6.610859938837e-04       2.715889981401e+03 
       7.138242363583e-04       2.920509686091e+03 
       7.707696806873e-04       3.139945097711e+03 
       8.322579570814e-04       3.375152334397e+03 
       8.986514707061e-04       3.627127828231e+03 
       9.703415376577e-04       3.896905450016e+03 
       1.047750691338e-03       4.185552170959e+03 
       1.131335172818e-03       4.494162426791e+03 
       1.221587619877e-03       4.823850702666e+03 
       1.319039970550e-03       5.175742738742e+03 
       1.424266598317e-03       5.551019592516e+03 
       1.537887697396e-03       5.950788335877e+03 
       1.660572938097e-03       6.376123046807e+03 
       1.793045413791e-03       6.828073896113e+03 
       1.936085902737e-03       7.307625375387e+03 
       2.090537469909e-03       7.815671862371e+03 
       2.257310435923e-03       8.352990369399e+03 
       2.437387742372e-03       8.920211057531e+03 
       2.631830745176e-03       9.517783061890e+03 
       2.841785470091e-03       1.014593703671e+04 
       3.068489367268e-03       1.080464505752e+04 
       3.313278604643e-03       1.149357459439e+04 
       3.577595943165e-03       1.221203620826e+04 
       3.862999240274e-03       1.295892538505e+04 
       4.171170631739e-03       1.373266002268e+04 
       4.503926445983e-03       1.453111834595e+04 
       4.863227909323e-03       1.535154984227e+04 
       5.251192705226e-03       1.619063613436e+04 
       5.670107455699e-03       1.704431256570e+04 
       6.122441198393e-03       1.790755938446e+04 
       6.610859938837e-03       1.877460414322e+04 
       7.138242363583e-03       1.963872429095e+04 
       7.707696806873e-03       2.049215713265e+04 
       8.322579570814e-03       2.132607230501e+04 
       8.986514707061e-03       2.213055168033e+04 
       9.703415376577e-03       2.289445470789e+04 
       1.047750691338e-02       2.360548501501e+04 
       1.131335172818e-02       2.425023695167e+04 
       1.221587619877e-02       2.481423922792e+04 
       1.319039970550e-02       2.528218617322e+04 
       1.424266598317e-02       2.563813758585e+04 
       1.537887697392e-02       2.586607097214e+04 
       1.660572938023e-02       2.595027524680e+04 
       1.793045412706e-02       2.587635021309e+04 
       1.936085890181e-02       2.563220205339e+04 
       2.090537352463e-02       2.520935028007e+04 
       2.257309535333e-02       2.460448890578e+04 
       2.437382002918e-02       2.382093350992e+04 
       2.631799944462e-02       2.287044717914e+04 
       2.841644545389e-02       2.177445131940e+04 
       3.067933355377e-02       2.056555856143e+04 
       3.311368470740e-02       1.928728329702e+04 
       3.571840443502e-02       1.799405500689e+04 
       3.847720348444e-02       1.674683037378e+04 
       4.135335538431e-02       1.560460956069e+04 
       4.429361667738e-02       1.461037606751e+04 
       4.724366439141e-02       1.378054275183e+04 
       5.016480835311e-02       1.310507323907e+04 
       5.303989620246e-02       1.255715862208e+04 
       5.586870669566e-02       1.210421604218e+04 
       5.866042680613e-02       1.171469439168e+04 
       6.142798932958e-02       1.136048349783e+04 
       6.418496440164e-02       1.101856419566e+04 
       6.694418833788e-02       1.067069262590e+04 
       6.971731106057e-02       1.030357674652e+04 
       7.251476155766e-02       9.908984577331e+03 
       7.534587671527e-02       9.483769556297e+03 
       7.821907666265e-02       9.029497484571e+03 
       8.114203772912e-02       8.552308220384e+03 
       8.412184535029e-02       8.061938684194e+03 
       8.716512279304e-02       7.570789227311e+03 
       9.027813695930e-02       7.092511665339e+03 
       9.346688431697e-02       6.640515004238e+03 
       9.673716028276e-02       6.226719708787e+03 
       1.000946150830e-01       5.859936427759e+03 
       1.035447986537e-01       5.545222208129e+03 
       1.070931966762e-01       5.283133991458e+03 
       1.107452594425e-01       5.069423178694e+03 
       1.145064249153e-01       4.895254474136e+03 
       1.183821370918e-01       4.747855383885e+03 
       1.223778605862e-01       4.611747312824e+03 
       1.264990921987e-01       4.470623124398e+03 
       1.307513701367e-01       4.310279704407e+03 
       1.351402814784e-01       4.121390061995e+03 
       1.396714684203e-01       3.902068607800e+03 
       1.443506338194e-01       3.658636648575e+03 
       1.491835465229e-01       3.404481238804e+03 
       1.541760469708e-01       3.156673077488e+03 
       1.593340535561e-01       2.931979247635e+03 
       1.646635702297e-01       2.742371462248e+03 
       1.701706958456e-01       2.592262308007e+03 
       1.758616357459e-01       2.477236704057e+03 
       1.817427160982e-01       2.385177661169e+03 
       1.878204015065e-01       2.300355528226e+03 
       1.941013164283e-01       2.205760447443e+03 
       2.005922709503e-01       2.090813280149e+03 
       2.073002914972e-01       1.956464020992e+03 
       2.142326570816e-01       1.814192648383e+03 
       2.213969417533e-01       1.679294919353e+03 
       2.288010639706e-01       1.563851620293e+03 
       2.364533437147e-01       1.472688138208e+03 
       2.443625682930e-01       1.401513104214e+03 
       2.525380679504e-01       1.338413720681e+03 
       2.609898026346e-01       1.270902669981e+03 
       2.697284615565e-01       1.193381324692e+03 
       2.787655775689e-01       1.109343278563e+03 
       2.881136588829e-01       1.028770504462e+03 
       2.977863412677e-01       9.604824443933e+02 
       3.077985646929e-01       9.050242791880e+02 
       3.181667794071e-01       8.561450101370e+02 
       3.289091877812e-01       8.061894075672e+02 
       3.400460299658e-01       7.523924241490e+02 
       3.515999236474e-01       6.989234923607e+02 
       3.635962711085e-01       6.510623645618e+02 
       3.760637506334e-01       6.101239719359e+02 
       3.890349143879e-01       5.721333442360e+02 
       4.025469216825e-01       5.337847123741e+02 
       4.166424456376e-01       4.956342321458e+02 
       4.313708035863e-01       4.604708971090e+02 
       4.467893782977e-01       4.287773064178e+02 
       4.629654199664e-01       3.987724815301e+02 
       4.799783501994e-01       3.692424376025e+02 
       4.979227319373e-01       3.412413142947e+02 
       5.169121270864e-01       3.154845353910e+02 
       5.370841404489e-01       2.908352413022e+02 
       5.586070464571e-01       2.671070531006e+02 
       5.816885094930e-01       2.448095099987e+02 
       6.065870144995e-01       2.235674214174e+02 
       6.336266468475e-01       2.032104572671e+02 
       6.632156059511e-01       1.838788885576e+02 
       6.958678639263e-01       1.653548796175e+02 
       7.322247985589e-01       1.476956618155e+02 
       7.730680195114e-01       1.308341878994e+02 
       8.193049553677e-01       1.148317417904e+02 
       8.718988016039e-01       9.976274682024e+01 
       9.317218031082e-01       8.577812074766e+01 
       9.993660908989e-01       7.305513519398e+01 
       1.075037110174e+00       6.173613872694e+01 
       1.158653485707e+00       5.187926988265e+01 
       1.250099157308e+00       4.344049072005e+01 
       1.349432401273e+00       3.628951105067e+01 
       1.456947457397e+00       3.026806634938e+01 
       1.573135111331e+00       2.521465188216e+01 
       1.698621895592e+00       2.098200118492e+01 
       1.834127512934e+00       1.744235608293e+01 
       1.980444934528e+00       1.448569140826e+01 
       2.138435191726e+00       1.201896126569e+01 
       2.309029199186e+00       9.963205038502e+00 
       2.493232377687e+00       8.251865568144e+00 
       2.692130395285e+00       6.828635116734e+00 
       2.906895534573e+00       5.646269818198e+00 
       3.138793597714e+00       4.664891650656e+00 
       3.389191366484e+00       3.851146941552e+00 
       3.659564657905e+00       3.176963484630e+00 
       3.951507022538e+00       2.618871445895e+00 
       4.266739136701e+00       2.157342318015e+00 
       4.607118943941e+00       1.775940878215e+00 
       4.974652605557e+00       1.460994462775e+00 
       5.371506324689e+00       1.201124554959e+00 
       5.800019113685e+00       9.868810179661e-01 
       6.262716579983e+00       8.103550173292e-01 
       6.762325811764e+00       6.650058561350e-01 
       7.301791451110e+00       5.454289962298e-01 
       7.884293049406e+00       4.470977634488e-01 
       8.513263807261e+00       3.662999026047e-01 
       9.192410809424e+00       2.999435426483e-01 
       9.925736873929e+00       2.454826043919e-01 
       1.071756414427e+01       2.008082293735e-01 
       1.157255956364e+01       1.641847610678e-01 
       1.249576238137e+01       1.341777264095e-01 
       1.349261385375e+01       1.096035031557e-01 
       1.456898931416e+01       8.948901908196e-02 
       1.573123280165e+01       7.303381850287e-02 
       1.698619445202e+01       5.957855110056e-02 
       1.834127087176e+01       4.858075293594e-02 
       1.980444873285e+01       3.959668419819e-02 
       2.138435184532e+01       3.226083801122e-02 
       2.309029198506e+01       2.627322249844e-02 
       2.493232377636e+01       2.138823350897e-02 
       2.692130395282e+01       1.740456074971e-02 
       2.906895534573e+01       1.415702367987e-02 
       3.138793597714e+01       1.151103548628e-02 
       3.389191366484e+01       9.355773154326e-03 
       3.659564657905e+01       7.600989953412e-03 
       3.951507022538e+01       6.172881722331e-03 
       4.266739136701e+01       5.010868729895e-03 
       4.607118943941e+01       4.065915109938e-03 
       4.974652605557e+01       3.297750698275e-03 
       5.371506324689e+01       2.673453984885e-03 
       5.800019113685e+01       2.166339977925e-03 
       6.262716579983e+01       1.754487142669e-03 
       6.762325811764e+01       1.420208549261e-03 
