# Matter power spectrum P(k) at redshift z=99
# for k=1.04775e-05 to 134.926 h/Mpc,
# number of wavenumbers equal to 255
#    1:k (h/Mpc)              2:P (Mpc/h)^3        
       1.047750691338e-05       7.261927095217e-03 
       1.131335172818e-05       7.820332150681e-03 
       1.221587619877e-05       8.421675382250e-03 
       1.319039970550e-05       9.069257737917e-03 
       1.424266598317e-05       9.766636451033e-03 
       1.537887697396e-05       1.051763973631e-02 
       1.660572938097e-05       1.132639250741e-02 
       1.793045413791e-05       1.219733201497e-02 
       1.936085902737e-05       1.313524187191e-02 
       2.090537469909e-05       1.414527084965e-02 
       2.257310435923e-05       1.523296544479e-02 
       2.437387742372e-05       1.640429654626e-02 
       2.631830745176e-05       1.766569603271e-02 
       2.841785470091e-05       1.902408711147e-02 
       3.068489367268e-05       2.048692967428e-02 
       3.313278604643e-05       2.206225467531e-02 
       3.577595943165e-05       2.375870883834e-02 
       3.862999240274e-05       2.558560669803e-02 
       4.171170631739e-05       2.755297672487e-02 
       4.503926445983e-05       2.967161933391e-02 
       4.863227909323e-05       3.195316455632e-02 
       5.251192705226e-05       3.441013466109e-02 
       5.670107455699e-05       3.705601741674e-02 
       6.122441198393e-05       3.990533412806e-02 
       6.610859938837e-05       4.297372242499e-02 
       7.138242363583e-05       4.627802054815e-02 
       7.707696806873e-05       4.983636159849e-02 
       8.322579570814e-05       5.366826786893e-02 
       8.986514707061e-05       5.779476319690e-02 
       9.703415376577e-05       6.223848221789e-02 
       1.047750691338e-04       6.702379824971e-02 
       1.131335172818e-04       7.217695031026e-02 
       1.221587619877e-04       7.772619030305e-02 
       1.319039970550e-04       8.370193379979e-02 
       1.424266598317e-04       9.013692506602e-02 
       1.537887697396e-04       9.706641130330e-02 
       1.660572938097e-04       1.045283343104e-01 
       1.793045413791e-04       1.125635329178e-01 
       1.936085902737e-04       1.212159592301e-01 
       2.090537469909e-04       1.305329107427e-01 
       2.257310435923e-04       1.405652819352e-01 
       2.437387742372e-04       1.513678275067e-01 
       2.631830745176e-04       1.629994475124e-01 
       2.841785470091e-04       1.755234890469e-01 
       3.068489367268e-04       1.890080645289e-01 
       3.313278604643e-04       2.035263977421e-01 
       3.577595943165e-04       2.191571778034e-01 
       3.862999240274e-04       2.359849423249e-01 
       4.171170631739e-04       2.541004712991e-01 
       4.503926445983e-04       2.736012061148e-01 
       4.863227909323e-04       2.945916774631e-01 
       5.251192705226e-04       3.171839507851e-01 
       5.670107455699e-04       3.414980769095e-01 
       6.122441198393e-04       3.676625416288e-01 
       6.610859938837e-04       3.958147272851e-01 
       7.138242363583e-04       4.261013332051e-01 
       7.707696806873e-04       4.586787880836e-01 
       8.322579570814e-04       4.937136112808e-01 
       8.986514707061e-04       5.313826962064e-01 
       9.703415376577e-04       5.718735176792e-01 
       1.047750691338e-03       6.153841926239e-01 
       1.131335172818e-03       6.621233623113e-01 
       1.221587619877e-03       7.123098743646e-01 
       1.319039970550e-03       7.661721263781e-01 
       1.424266598317e-03       8.239547181300e-01 
       1.537887697396e-03       8.859012282819e-01 
       1.660572938097e-03       9.522589495760e-01 
       1.793045413791e-03       1.023280284738e+00 
       1.936085902737e-03       1.099216542130e+00 
       2.090537469909e-03       1.180313285064e+00 
       2.257310435923e-03       1.266804486840e+00 
       2.437387742372e-03       1.358905328500e+00 
       2.631830745176e-03       1.456803285993e+00 
       2.841785470091e-03       1.560647663088e+00 
       3.068489367268e-03       1.670537010636e+00 
       3.313278604643e-03       1.786505039709e+00 
       3.577595943165e-03       1.908504410201e+00 
       3.862999240274e-03       2.036389468856e+00 
       4.171170631739e-03       2.169898252918e+00 
       4.503926445983e-03       2.308634492106e+00 
       4.863227909323e-03       2.452050674936e+00 
       5.251192705226e-03       2.599434681322e+00 
       5.670107455699e-03       2.749901126690e+00 
       6.122441198393e-03       2.902390058599e+00 
       6.610859938837e-03       3.055671270157e+00 
       7.138242363583e-03       3.208360123253e+00 
       7.707696806873e-03       3.358926651872e+00 
       8.322579570814e-03       3.505726890516e+00 
       8.986514707061e-03       3.647012438699e+00 
       9.703415376577e-03       3.780926180461e+00 
       1.047750691338e-02       3.905492882166e+00 
       1.131335172818e-02       4.018589828001e+00 
       1.221587619877e-02       4.117902891365e+00 
       1.319039970550e-02       4.200917703756e+00 
       1.424266598317e-02       4.264943743370e+00 
       1.537887697392e-02       4.307219675433e+00 
       1.660572938023e-02       4.325062465261e+00 
       1.793045412706e-02       4.316060401525e+00 
       1.936085890181e-02       4.278228943701e+00 
       2.090537352463e-02       4.210204487037e+00 
       2.257309535333e-02       4.111418764506e+00 
       2.437382002918e-02       3.982420954859e+00 
       2.631799944462e-02       3.825168705624e+00 
       2.841644545389e-02       3.643282267999e+00 
       3.067933355377e-02       3.442198729724e+00 
       3.311368470740e-02       3.229241626371e+00 
       3.571840443502e-02       3.013516365419e+00 
       3.847720348444e-02       2.805283980580e+00 
       4.135335538431e-02       2.614410711621e+00 
       4.429361667738e-02       2.448132237810e+00 
       4.724366439141e-02       2.309240713709e+00 
       5.016480835311e-02       2.196115273391e+00 
       5.303989620246e-02       2.104369952463e+00 
       5.586870669566e-02       2.028462703184e+00 
       5.866042680613e-02       1.963155439725e+00 
       6.142798932958e-02       1.903779857038e+00 
       6.418496440164e-02       1.846479377350e+00 
       6.694418833788e-02       1.788197664398e+00 
       6.971731106057e-02       1.726715883610e+00 
       7.251476155766e-02       1.660654609567e+00 
       7.534587671527e-02       1.589470090997e+00 
       7.821907666265e-02       1.513436828762e+00 
       8.114203772912e-02       1.433569033470e+00 
       8.412184535029e-02       1.351492546516e+00 
       8.716512279304e-02       1.269274037543e+00 
       9.027813695930e-02       1.189193489088e+00 
       9.346688431697e-02       1.113501442757e+00 
       9.673716028276e-02       1.044174797241e+00 
       1.000946150830e-01       9.827063405649e-01 
       1.035447986537e-01       9.299364178065e-01 
       1.070931966762e-01       8.859588701626e-01 
       1.107452594425e-01       8.500714561019e-01 
       1.145064249153e-01       8.208037052260e-01 
       1.183821370918e-01       7.960246241126e-01 
       1.223778605862e-01       7.731459958313e-01 
       1.264990921987e-01       7.494518242701e-01 
       1.307513701367e-01       7.225566754603e-01 
       1.351402814784e-01       6.909079529013e-01 
       1.396714684203e-01       6.541801793963e-01 
       1.443506338194e-01       6.134256949943e-01 
       1.491835465229e-01       5.708675192332e-01 
       1.541760469708e-01       5.293643122452e-01 
       1.593340535561e-01       4.917108618524e-01 
       1.646635702297e-01       4.599199663306e-01 
       1.701706958456e-01       4.347279109366e-01 
       1.758616357459e-01       4.154078078794e-01 
       1.817427160982e-01       3.999362188616e-01 
       1.878204015065e-01       3.856837994300e-01 
       1.941013164283e-01       3.698109572129e-01 
       2.005922709503e-01       3.505474955949e-01 
       2.073002914972e-01       3.280463702375e-01 
       2.142326570816e-01       3.042136839934e-01 
       2.213969417533e-01       2.816115526162e-01 
       2.288010639706e-01       2.622567663997e-01 
       2.364533437147e-01       2.469617297042e-01 
       2.443625682930e-01       2.350128783369e-01 
       2.525380679504e-01       2.244203037044e-01 
       2.609898026346e-01       2.130960273034e-01 
       2.697284615565e-01       2.001025353077e-01 
       2.787655775689e-01       1.860198156543e-01 
       2.881136588829e-01       1.725169300618e-01 
       2.977863412677e-01       1.610658844776e-01 
       3.077985646929e-01       1.517604512965e-01 
       3.181667794071e-01       1.435592724687e-01 
       3.289091877812e-01       1.351816751915e-01 
       3.400460299658e-01       1.261641922391e-01 
       3.515999236474e-01       1.172017650159e-01 
       3.635962711085e-01       1.091767655652e-01 
       3.760637506334e-01       1.023091100288e-01 
       3.890349143879e-01       9.593750162861e-02 
       4.025469216825e-01       8.950754037181e-02 
       4.166424456376e-01       8.311162127359e-02 
       4.313708035863e-01       7.721530029603e-02 
       4.467893782977e-01       7.190032150434e-02 
       4.629654199664e-01       6.686888217214e-02 
       4.799783501994e-01       6.191738908813e-02 
       4.979227319373e-01       5.722203032076e-02 
       5.169121270864e-01       5.290274184628e-02 
       5.370841404489e-01       4.876964887541e-02 
       5.586070464571e-01       4.479059431957e-02 
       5.816885094930e-01       4.105177918945e-02 
       6.065870144995e-01       3.748980433104e-02 
       6.336266468475e-01       3.407610290812e-02 
       6.632156059511e-01       3.083443259594e-02 
       6.958678639263e-01       2.772827257240e-02 
       7.322247985589e-01       2.476705739134e-02 
       7.730680195114e-01       2.193953175578e-02 
       8.193049553677e-01       1.925607989206e-02 
       8.718988016039e-01       1.672925046455e-02 
       9.317218031082e-01       1.438412106152e-02 
       9.993660908989e-01       1.225061102165e-02 
       1.075037110174e+00       1.035254732028e-02 
       1.158653485707e+00       8.699627341648e-03 
       1.250099157308e+00       7.284538369325e-03 
       1.349432401273e+00       6.085412453131e-03 
       1.456947457397e+00       5.075689792195e-03 
       1.573135111331e+00       4.228263496761e-03 
       1.698621895592e+00       3.518504706390e-03 
       1.834127512934e+00       2.924941309364e-03 
       1.980444934528e+00       2.429124813814e-03 
       2.138435191726e+00       2.015473604402e-03 
       2.309029199186e+00       1.670740761824e-03 
       2.493232377687e+00       1.383758485381e-03 
       2.692130395285e+00       1.145099780078e-03 
       2.906895534573e+00       9.468258881571e-04 
       3.138793597714e+00       7.822593245908e-04 
       3.389191366484e+00       6.457929089612e-04 
       3.659564657905e+00       5.327407115187e-04 
       3.951507022538e+00       4.391563651578e-04 
       4.266739136701e+00       3.617648802373e-04 
       4.607118943941e+00       2.978026969895e-04 
       4.974652605557e+00       2.449886604607e-04 
       5.371506324689e+00       2.014133020626e-04 
       5.800019113685e+00       1.654828528754e-04 
       6.262716579983e+00       1.358804877537e-04 
       6.762325811764e+00       1.115077118385e-04 
       7.301791451110e+00       9.145362051851e-05 
       7.884293049406e+00       7.496458131506e-05 
       8.513263807261e+00       6.141538251376e-05 
       9.192410809424e+00       5.028756776311e-05 
       9.925736873929e+00       4.115476165632e-05 
       1.071756414427e+01       3.366345808608e-05 
       1.157255956364e+01       2.752202900453e-05 
       1.249576238137e+01       2.248993992569e-05 
       1.349261385375e+01       1.836889676029e-05 
       1.456898931416e+01       1.499604896464e-05 
       1.573123280165e+01       1.223678900638e-05 
       1.698619445202e+01       9.980311420055e-06 
       1.834127087176e+01       8.136272282265e-06 
       1.980444873285e+01       6.629818142642e-06 
       2.138435184532e+01       5.399709349737e-06 
       2.309029198506e+01       4.395724113537e-06 
       2.493232377636e+01       3.576684273256e-06 
       2.692130395282e+01       2.908732121757e-06 
       2.906895534573e+01       2.364256137749e-06 
       3.138793597714e+01       1.920633956464e-06 
       3.389191366484e+01       1.559344179728e-06 
       3.659564657905e+01       1.265186307201e-06 
       3.951507022538e+01       1.025814382465e-06 
       4.266739136701e+01       8.310892516778e-07 
       4.607118943941e+01       6.727407463131e-07 
       4.974652605557e+01       5.440304142220e-07 
       5.371506324689e+01       4.394625440652e-07 
       5.800019113685e+01       3.545386135864e-07 
       6.262716579983e+01       2.855957298379e-07 
       6.762325811764e+01       2.296600494486e-07 
       7.301791451110e+01       1.843013892997e-07 
       7.884293049406e+01       1.475346004300e-07 
       8.513263807261e+01       1.177564077303e-07 
       9.192410809424e+01       9.365928896452e-08 
       9.925736873929e+01       7.417564624304e-08 
       1.071756414427e+02       5.844364916550e-08 
       1.157255956364e+02       4.576003779693e-08 
       1.249576238137e+02       3.555774273442e-08 
       1.349261385375e+02       2.737251575071e-08 
