# Matter power spectrum P(k) at redshift z=0
# for k=1.04775e-05 to 67.6233 h/Mpc,
# number of wavenumbers equal to 246
#    1:k (h/Mpc)              2:P (Mpc/h)^3        
       1.047750691338e-05       5.020964806754e+01 
       1.131335172818e-05       5.407048206553e+01 
       1.221587619877e-05       5.822819063964e+01 
       1.319039970550e-05       6.270562589678e+01 
       1.424266598317e-05       6.752731788102e+01 
       1.537887697396e-05       7.271977200258e+01 
       1.660572938097e-05       7.831147241542e+01 
       1.793045413791e-05       8.433311815128e+01 
       1.936085902737e-05       9.081778242446e+01 
       2.090537469909e-05       9.780108061341e+01 
       2.257310435923e-05       1.053213197032e+02 
       2.437387742372e-05       1.134197377001e+02 
       2.631830745176e-05       1.221408202816e+02 
       2.841785470091e-05       1.315324720916e+02 
       3.068489367268e-05       1.416462093729e+02 
       3.313278604643e-05       1.525374500691e+02 
       3.577595943165e-05       1.642660687078e+02 
       3.862999240274e-05       1.768963504868e+02 
       4.171170631739e-05       1.904975992460e+02 
       4.503926445983e-05       2.051444490305e+02 
       4.863227909323e-05       2.209171463752e+02 
       5.251192705226e-05       2.379022222314e+02 
       5.670107455699e-05       2.561927925776e+02 
       6.122441198393e-05       2.758890441791e+02 
       6.610859938837e-05       2.970989225466e+02 
       7.138242363583e-05       3.199385558200e+02 
       7.707696806873e-05       3.445329780878e+02 
       8.322579570814e-05       3.710167315928e+02 
       8.986514707061e-05       3.995346440954e+02 
       9.703415376577e-05       4.302425403884e+02 
       1.047750691338e-04       4.633080762974e+02 
       1.131335172818e-04       4.989116267507e+02 
       1.221587619877e-04       5.372471946561e+02 
       1.319039970550e-04       5.785234124632e+02 
       1.424266598317e-04       6.229645930980e+02 
       1.537887697396e-04       6.708118484951e+02 
       1.660572938097e-04       7.223242660220e+02 
       1.793045413791e-04       7.777801552916e+02 
       1.936085902737e-04       8.374783607333e+02 
       2.090537469909e-04       9.017396264495e+02 
       2.257310435923e-04       9.709080260152e+02 
       2.437387742372e-04       1.045352448644e+03 
       2.631830745176e-04       1.125468122836e+03 
       2.841785470091e-04       1.211678179511e+03 
       3.068489367268e-04       1.304435249091e+03 
       3.313278604643e-04       1.404223052541e+03 
       3.577595943165e-04       1.511558013390e+03 
       3.862999240274e-04       1.626990836422e+03 
       4.171170631739e-04       1.751108027370e+03 
       4.503926445983e-04       1.884533381345e+03 
       4.863227909323e-04       2.027929376471e+03 
       5.251192705226e-04       2.181998446367e+03 
       5.670107455699e-04       2.347484100857e+03 
       6.122441198393e-04       2.525171869337e+03 
       6.610859938837e-04       2.715889981401e+03 
       7.138242363583e-04       2.920509686094e+03 
       7.707696806873e-04       3.139945097711e+03 
       8.322579570814e-04       3.375152334396e+03 
       8.986514707061e-04       3.627127828231e+03 
       9.703415376577e-04       3.896905450016e+03 
       1.047750691338e-03       4.185552170956e+03 
       1.131335172818e-03       4.494162426791e+03 
       1.221587619877e-03       4.823850702665e+03 
       1.319039970550e-03       5.175742740305e+03 
       1.424266598317e-03       5.551019592521e+03 
       1.537887697396e-03       5.950788335879e+03 
       1.660572938097e-03       6.376123046805e+03 
       1.793045413791e-03       6.828073896112e+03 
       1.936085902737e-03       7.307625375386e+03 
       2.090537469909e-03       7.815671908534e+03 
       2.257310435923e-03       8.352990369400e+03 
       2.437387742372e-03       8.920211057541e+03 
       2.631830745176e-03       9.517783061890e+03 
       2.841785470091e-03       1.014593703671e+04 
       3.068489367268e-03       1.080464505736e+04 
       3.313278604643e-03       1.149357459459e+04 
       3.577595943165e-03       1.221203620826e+04 
       3.862999240274e-03       1.295892538505e+04 
       4.171170631739e-03       1.373266002380e+04 
       4.503926445983e-03       1.453111834595e+04 
       4.863227909323e-03       1.535154984227e+04 
       5.251192705226e-03       1.619063613436e+04 
       5.670107455699e-03       1.704431256632e+04 
       6.122441198393e-03       1.790755938449e+04 
       6.610859938837e-03       1.877460419780e+04 
       7.138242363583e-03       1.963872429095e+04 
       7.707696806873e-03       2.049215713336e+04 
       8.322579570814e-03       2.132607230581e+04 
       8.986514707061e-03       2.213054864722e+04 
       9.703415376577e-03       2.289445470778e+04 
       1.047750691338e-02       2.360548828286e+04 
       1.131335172818e-02       2.425022979982e+04 
       1.221587619877e-02       2.481423920160e+04 
       1.319039970550e-02       2.528218714709e+04 
       1.424266598317e-02       2.563813818187e+04 
       1.537887697392e-02       2.586606477170e+04 
       1.660572938023e-02       2.595027200689e+04 
       1.793045412706e-02       2.587634247745e+04 
       1.936085890181e-02       2.563219718886e+04 
       2.090537352463e-02       2.520934006993e+04 
       2.257309535333e-02       2.460446880712e+04 
       2.437382002918e-02       2.382088985447e+04 
       2.631799944462e-02       2.287045593159e+04 
       2.841644545389e-02       2.177448881729e+04 
       3.067933355377e-02       2.056553099079e+04 
       3.311368470740e-02       1.928734486055e+04 
       3.571840443502e-02       1.799400372348e+04 
       3.847720348444e-02       1.674679899590e+04 
       4.135335538431e-02       1.560458264168e+04 
       4.429361667738e-02       1.461037794781e+04 
       4.724366439141e-02       1.378054095563e+04 
       5.016480835311e-02       1.310507196459e+04 
       5.303989620246e-02       1.255716230122e+04 
       5.586870669566e-02       1.210424404866e+04 
       5.866042680613e-02       1.171463922566e+04 
       6.142798932958e-02       1.136047859984e+04 
       6.418496440164e-02       1.101855184624e+04 
       6.694418833788e-02       1.067068345833e+04 
       6.971731106057e-02       1.030358248584e+04 
       7.251476155766e-02       9.908989135389e+03 
       7.534587671527e-02       9.483798703785e+03 
       7.821907666265e-02       9.029490884349e+03 
       8.114203772912e-02       8.552329259124e+03 
       8.412184535029e-02       8.061961902365e+03 
       8.716512279304e-02       7.570763307995e+03 
       9.027813695930e-02       7.092495419891e+03 
       9.346688431697e-02       6.640501951101e+03 
       9.673716028276e-02       6.226696928273e+03 
       1.000946150830e-01       5.859936775623e+03 
       1.035447986537e-01       5.545235689043e+03 
       1.070931966762e-01       5.283132930415e+03 
       1.107452594425e-01       5.069421783162e+03 
       1.145064249153e-01       4.895257529374e+03 
       1.183821370918e-01       4.747849648446e+03 
       1.223778605862e-01       4.611733185743e+03 
       1.264990921987e-01       4.470629253599e+03 
       1.307513701367e-01       4.310280881035e+03 
       1.351402814784e-01       4.121396151883e+03 
       1.396714684203e-01       3.902072598266e+03 
       1.443506338194e-01       3.658637161046e+03 
       1.491835465229e-01       3.404484597795e+03 
       1.541760469708e-01       3.156672519101e+03 
       1.593340535561e-01       2.931972348714e+03 
       1.646635702297e-01       2.742370347196e+03 
       1.701706958456e-01       2.592260706400e+03 
       1.758616357459e-01       2.477238677762e+03 
       1.817427160982e-01       2.385178975985e+03 
       1.878204015065e-01       2.300357489188e+03 
       1.941013164283e-01       2.205761935249e+03 
       2.005922709503e-01       2.090818062335e+03 
       2.073002914972e-01       1.956460903539e+03 
       2.142326570816e-01       1.814197586872e+03 
       2.213969417533e-01       1.679297845219e+03 
       2.288010639706e-01       1.563848726808e+03 
       2.364533437147e-01       1.472688280480e+03 
       2.443625682930e-01       1.401513009739e+03 
       2.525380679504e-01       1.338417393429e+03 
       2.609898026346e-01       1.270901150571e+03 
       2.697284615565e-01       1.193381720558e+03 
       2.787655775689e-01       1.109334112040e+03 
       2.881136588829e-01       1.028768930335e+03 
       2.977863412677e-01       9.604820726123e+02 
       3.077985646929e-01       9.050252942443e+02 
       3.181667794071e-01       8.561457450283e+02 
       3.289091877812e-01       8.061892697712e+02 
       3.400460299658e-01       7.523920126230e+02 
       3.515999236474e-01       6.989240062460e+02 
       3.635962711085e-01       6.510645058326e+02 
       3.760637506334e-01       6.101234363732e+02 
       3.890349143879e-01       5.721339226727e+02 
       4.025469216825e-01       5.337830463693e+02 
       4.166424456376e-01       4.956322867232e+02 
       4.313708035863e-01       4.604693595310e+02 
       4.467893782977e-01       4.287784129757e+02 
       4.629654199664e-01       3.987729237667e+02 
       4.799783501994e-01       3.692423902685e+02 
       4.979227319373e-01       3.412402208889e+02 
       5.169121270864e-01       3.154851662097e+02 
       5.370841404489e-01       2.908363684727e+02 
       5.586070464571e-01       2.671075050221e+02 
       5.816885094930e-01       2.448090446373e+02 
       6.065870144995e-01       2.235678432362e+02 
       6.336266468475e-01       2.032113816071e+02 
       6.632156059511e-01       1.838796777614e+02 
       6.958678639263e-01       1.653551515587e+02 
       7.322247985589e-01       1.476957368314e+02 
       7.730680195114e-01       1.308340660074e+02 
       8.193049553677e-01       1.148313897967e+02 
       8.718988016039e-01       9.976259774865e+01 
       9.317218031082e-01       8.577811445144e+01 
       9.993660908989e-01       7.305491533387e+01 
       1.075037110174e+00       6.173621728150e+01 
       1.158653485707e+00       5.187934912266e+01 
       1.250099157308e+00       4.344047323023e+01 
       1.349432401273e+00       3.628971002277e+01 
       1.456947457397e+00       3.026811567184e+01 
       1.573135111331e+00       2.521473028555e+01 
       1.698621895592e+00       2.098208335257e+01 
       1.834127512934e+00       1.744249379829e+01 
       1.980444934528e+00       1.448575878912e+01 
       2.138435191726e+00       1.201901419158e+01 
       2.309029199186e+00       9.963162965224e+00 
       2.493232377687e+00       8.251873282328e+00 
       2.692130395285e+00       6.828658890077e+00 
       2.906895534573e+00       5.646316524588e+00 
       3.138793597714e+00       4.664917432122e+00 
       3.389191366484e+00       3.851153372174e+00 
       3.659564657905e+00       3.176967556270e+00 
       3.951507022538e+00       2.618881990453e+00 
       4.266739136701e+00       2.157364830437e+00 
       4.607118943941e+00       1.775939987466e+00 
       4.974652605557e+00       1.460999615026e+00 
       5.371506324689e+00       1.201136215054e+00 
       5.800019113685e+00       9.868827633902e-01 
       6.262716579983e+00       8.103581652275e-01 
       6.762325811764e+00       6.650193014639e-01 
       7.301791451110e+00       5.454288523173e-01 
       7.884293049406e+00       4.470996635577e-01 
       8.513263807261e+00       3.663030176700e-01 
       9.192410809424e+00       2.999436790408e-01 
       9.925736873929e+00       2.454822592964e-01 
       1.071756414427e+01       2.008083198452e-01 
       1.157255956364e+01       1.641854706407e-01 
       1.249576238137e+01       1.341778116722e-01 
       1.349261385375e+01       1.096032436521e-01 
       1.456898931416e+01       8.948903905061e-02 
       1.573123280165e+01       7.303397169053e-02 
       1.698619445202e+01       5.957860858490e-02 
       1.834127087176e+01       4.858127072785e-02 
       1.980444873285e+01       3.959697320269e-02 
       2.138435184532e+01       3.226128286328e-02 
       2.309029198506e+01       2.627355211325e-02 
       2.493232377636e+01       2.138874591023e-02 
       2.692130395282e+01       1.740478744274e-02 
       2.906895534573e+01       1.415742857040e-02 
       3.138793597714e+01       1.151118558031e-02 
       3.389191366484e+01       9.356080317605e-03 
       3.659564657905e+01       7.601246650653e-03 
       3.951507022538e+01       6.173064538113e-03 
       4.266739136701e+01       5.011117347770e-03 
       4.607118943941e+01       4.066218213257e-03 
       4.974652605557e+01       3.298015913906e-03 
       5.371506324689e+01       2.673732552539e-03 
       5.800019113685e+01       2.166594247831e-03 
       6.262716579983e+01       1.754768089374e-03 
       6.762325811764e+01       1.420473491321e-03 
