# Matter power spectrum P(k) at redshift z=99
# for k=1.04775e-05 to 67.6233 h/Mpc,
# number of wavenumbers equal to 246
#    1:k (h/Mpc)              2:P (Mpc/h)^3        
       1.047750691338e-05       7.261927673119e-03 
       1.131335172818e-05       7.820331745737e-03 
       1.221587619877e-05       8.421675986488e-03 
       1.319039970550e-05       9.069258192194e-03 
       1.424266598317e-05       9.766638404421e-03 
       1.537887697396e-05       1.051764069682e-02 
       1.660572938097e-05       1.132639105520e-02 
       1.793045413791e-05       1.219733231416e-02 
       1.936085902737e-05       1.313524224380e-02 
       2.090537469909e-05       1.414527121893e-02 
       2.257310435923e-05       1.523296272192e-02 
       2.437387742372e-05       1.640429444530e-02 
       2.631830745176e-05       1.766569582177e-02 
       2.841785470091e-05       1.902408601793e-02 
       3.068489367268e-05       2.048692970591e-02 
       3.313278604643e-05       2.206225513594e-02 
       3.577595943165e-05       2.375870704909e-02 
       3.862999240274e-05       2.558560727479e-02 
       4.171170631739e-05       2.755297763344e-02 
       4.503926445983e-05       2.967161927314e-02 
       4.863227909323e-05       3.195316450832e-02 
       5.251192705226e-05       3.441013519284e-02 
       5.670107455699e-05       3.705601722524e-02 
       6.122441198393e-05       3.990533413561e-02 
       6.610859938837e-05       4.297372168203e-02 
       7.138242363583e-05       4.627802141688e-02 
       7.707696806873e-05       4.983636194159e-02 
       8.322579570814e-05       5.366826847231e-02 
       8.986514707061e-05       5.779476394568e-02 
       9.703415376577e-05       6.223848243885e-02 
       1.047750691338e-04       6.702379865640e-02 
       1.131335172818e-04       7.217695153381e-02 
       1.221587619877e-04       7.772619073572e-02 
       1.319039970550e-04       8.370193432376e-02 
       1.424266598317e-04       9.013692507549e-02 
       1.537887697396e-04       9.706641242570e-02 
       1.660572938097e-04       1.045283354271e-01 
       1.793045413791e-04       1.125635349068e-01 
       1.936085902737e-04       1.212159614968e-01 
       2.090537469909e-04       1.305329132714e-01 
       2.257310435923e-04       1.405652846215e-01 
       2.437387742372e-04       1.513678302540e-01 
       2.631830745176e-04       1.629994504871e-01 
       2.841785470091e-04       1.755234921224e-01 
       3.068489367268e-04       1.890080670413e-01 
       3.313278604643e-04       2.035264002435e-01 
       3.577595943165e-04       2.191571803681e-01 
       3.862999240274e-04       2.359849437591e-01 
       4.171170631739e-04       2.541004741539e-01 
       4.503926445983e-04       2.736012080277e-01 
       4.863227909323e-04       2.945916790965e-01 
       5.251192705226e-04       3.171839525183e-01 
       5.670107455699e-04       3.414980764002e-01 
       6.122441198393e-04       3.676625413100e-01 
       6.610859938837e-04       3.958147252304e-01 
       7.138242363583e-04       4.261013284918e-01 
       7.707696806873e-04       4.586787792351e-01 
       8.322579570814e-04       4.937136001350e-01 
       8.986514707061e-04       5.313826801402e-01 
       9.703415376577e-04       5.718734972157e-01 
       1.047750691338e-03       6.153841629505e-01 
       1.131335172818e-03       6.621233239465e-01 
       1.221587619877e-03       7.123098220430e-01 
       1.319039970550e-03       7.661720584583e-01 
       1.424266598317e-03       8.239546297726e-01 
       1.537887697396e-03       8.859011173467e-01 
       1.660572938097e-03       9.522588006419e-01 
       1.793045413791e-03       1.023280099819e+00 
       1.936085902737e-03       1.099216304579e+00 
       2.090537469909e-03       1.180312990454e+00 
       2.257310435923e-03       1.266804115849e+00 
       2.437387742372e-03       1.358904853406e+00 
       2.631830745176e-03       1.456802683156e+00 
       2.841785470091e-03       1.560646890522e+00 
       3.068489367268e-03       1.670536062500e+00 
       3.313278604643e-03       1.786503852160e+00 
       3.577595943165e-03       1.908502930788e+00 
       3.862999240274e-03       2.036387730709e+00 
       4.171170631739e-03       2.169896178714e+00 
       4.503926445983e-03       2.308631878994e+00 
       4.863227909323e-03       2.452047290962e+00 
       5.251192705226e-03       2.599430628088e+00 
       5.670107455699e-03       2.749896931802e+00 
       6.122441198393e-03       2.902386513385e+00 
       6.610859938837e-03       3.055668706590e+00 
       7.138242363583e-03       3.208356461545e+00 
       7.707696806873e-03       3.358923892882e+00 
       8.322579570814e-03       3.505725163055e+00 
       8.986514707061e-03       3.647009576202e+00 
       9.703415376577e-03       3.780923304325e+00 
       1.047750691338e-02       3.905490640688e+00 
       1.131335172818e-02       4.018587641355e+00 
       1.221587619877e-02       4.117901587016e+00 
       1.319039970550e-02       4.200915300736e+00 
       1.424266598317e-02       4.264942430517e+00 
       1.537887697392e-02       4.307217483749e+00 
       1.660572938023e-02       4.325061471585e+00 
       1.793045412706e-02       4.316059784672e+00 
       1.936085890181e-02       4.278225869513e+00 
       2.090537352463e-02       4.210203146151e+00 
       2.257309535333e-02       4.111416895763e+00 
       2.437382002918e-02       3.982426338059e+00 
       2.631799944462e-02       3.825174930284e+00 
       2.841644545389e-02       3.643285649710e+00 
       3.067933355377e-02       3.442198105516e+00 
       3.311368470740e-02       3.229242129106e+00 
       3.571840443502e-02       3.013512128490e+00 
       3.847720348444e-02       2.805272119081e+00 
       4.135335538431e-02       2.614400663691e+00 
       4.429361667738e-02       2.448128825326e+00 
       4.724366439141e-02       2.309239055162e+00 
       5.016480835311e-02       2.196112706221e+00 
       5.303989620246e-02       2.104365178317e+00 
       5.586870669566e-02       2.028465739046e+00 
       5.866042680613e-02       1.963152443841e+00 
       6.142798932958e-02       1.903783607459e+00 
       6.418496440164e-02       1.846475333640e+00 
       6.694418833788e-02       1.788195061301e+00 
       6.971731106057e-02       1.726713653588e+00 
       7.251476155766e-02       1.660655720112e+00 
       7.534587671527e-02       1.589471796971e+00 
       7.821907666265e-02       1.513438495828e+00 
       8.114203772912e-02       1.433569534175e+00 
       8.412184535029e-02       1.351491826235e+00 
       8.716512279304e-02       1.269276480362e+00 
       9.027813695930e-02       1.189192815987e+00 
       9.346688431697e-02       1.113501145784e+00 
       9.673716028276e-02       1.044176627155e+00 
       1.000946150830e-01       9.827043951161e-01 
       1.035447986537e-01       9.299406789264e-01 
       1.070931966762e-01       8.859594519619e-01 
       1.107452594425e-01       8.500701513336e-01 
       1.145064249153e-01       8.208036052823e-01 
       1.183821370918e-01       7.960277699183e-01 
       1.223778605862e-01       7.731449836181e-01 
       1.264990921987e-01       7.494513054447e-01 
       1.307513701367e-01       7.225572160954e-01 
       1.351402814784e-01       6.909088856441e-01 
       1.396714684203e-01       6.541814132514e-01 
       1.443506338194e-01       6.134265669853e-01 
       1.491835465229e-01       5.708671041733e-01 
       1.541760469708e-01       5.293629591123e-01 
       1.593340535561e-01       4.917107205777e-01 
       1.646635702297e-01       4.599204201855e-01 
       1.701706958456e-01       4.347285503764e-01 
       1.758616357459e-01       4.154085593818e-01 
       1.817427160982e-01       3.999371537327e-01 
       1.878204015065e-01       3.856826239415e-01 
       1.941013164283e-01       3.698091845198e-01 
       2.005922709503e-01       3.505454168142e-01 
       2.073002914972e-01       3.280436957302e-01 
       2.142326570816e-01       3.042145578212e-01 
       2.213969417533e-01       2.816115480794e-01 
       2.288010639706e-01       2.622573793386e-01 
       2.364533437147e-01       2.469619819905e-01 
       2.443625682930e-01       2.350128606477e-01 
       2.525380679504e-01       2.244175625191e-01 
       2.609898026346e-01       2.130934770921e-01 
       2.697284615565e-01       2.001016277644e-01 
       2.787655775689e-01       1.860193617374e-01 
       2.881136588829e-01       1.725174201685e-01 
       2.977863412677e-01       1.610662406193e-01 
       3.077985646929e-01       1.517610829887e-01 
       3.181667794071e-01       1.435592576418e-01 
       3.289091877812e-01       1.351813912945e-01 
       3.400460299658e-01       1.261644553731e-01 
       3.515999236474e-01       1.172020828261e-01 
       3.635962711085e-01       1.091770496721e-01 
       3.760637506334e-01       1.023095281931e-01 
       3.890349143879e-01       9.593778202978e-02 
       4.025469216825e-01       8.950782403466e-02 
       4.166424456376e-01       8.311178915143e-02 
       4.313708035863e-01       7.721548664199e-02 
       4.467893782977e-01       7.190054712992e-02 
       4.629654199664e-01       6.686890167230e-02 
       4.799783501994e-01       6.191766364513e-02 
       4.979227319373e-01       5.722224376205e-02 
       5.169121270864e-01       5.290301299955e-02 
       5.370841404489e-01       4.876982495840e-02 
       5.586070464571e-01       4.479104926221e-02 
       5.816885094930e-01       4.105201338671e-02 
       6.065870144995e-01       3.748985380529e-02 
       6.336266468475e-01       3.407629812253e-02 
       6.632156059511e-01       3.083464721587e-02 
       6.958678639263e-01       2.772832747673e-02 
       7.322247985589e-01       2.476716569892e-02 
       7.730680195114e-01       2.193953289148e-02 
       8.193049553677e-01       1.925613284419e-02 
       8.718988016039e-01       1.672926001657e-02 
       9.317218031082e-01       1.438420097902e-02 
       9.993660908989e-01       1.225064671851e-02 
       1.075037110174e+00       1.035262861065e-02 
       1.158653485707e+00       8.699705183956e-03 
       1.250099157308e+00       7.284587193317e-03 
       1.349432401273e+00       6.085465262458e-03 
       1.456947457397e+00       5.075711585523e-03 
       1.573135111331e+00       4.228288236576e-03 
       1.698621895592e+00       3.518544836552e-03 
       1.834127512934e+00       2.924973761955e-03 
       1.980444934528e+00       2.429154548162e-03 
       2.138435191726e+00       2.015504851225e-03 
       2.309029199186e+00       1.670761829006e-03 
       2.493232377687e+00       1.383779714338e-03 
       2.692130395285e+00       1.145120427609e-03 
       2.906895534573e+00       9.468473506631e-04 
       3.138793597714e+00       7.822745954160e-04 
       3.389191366484e+00       6.458089813546e-04 
       3.659564657905e+00       5.327558621887e-04 
       3.951507022538e+00       4.391711241339e-04 
       4.266739136701e+00       3.617739701544e-04 
       4.607118943941e+00       2.978131414003e-04 
       4.974652605557e+00       2.449965984266e-04 
       5.371506324689e+00       2.014212145709e-04 
       5.800019113685e+00       1.654902913194e-04 
       6.262716579983e+00       1.358882371091e-04 
       6.762325811764e+00       1.115149590181e-04 
       7.301791451110e+00       9.146087821779e-05 
       7.884293049406e+00       7.497101822729e-05 
       8.513263807261e+00       6.142079524024e-05 
       9.192410809424e+00       5.029287324336e-05 
       9.925736873929e+00       4.115965250419e-05 
       1.071756414427e+01       3.366804009868e-05 
       1.157255956364e+01       2.752605029477e-05 
       1.249576238137e+01       2.249347815427e-05 
       1.349261385375e+01       1.837230940654e-05 
       1.456898931416e+01       1.499884783491e-05 
       1.573123280165e+01       1.223910668347e-05 
       1.698619445202e+01       9.982418885102e-06 
       1.834127087176e+01       8.137949077665e-06 
       1.980444873285e+01       6.631125191281e-06 
       2.138435184532e+01       5.400691937329e-06 
       2.309029198506e+01       4.396384815862e-06 
       2.493232377636e+01       3.576984513105e-06 
       2.692130395282e+01       2.908758020324e-06 
       2.906895534573e+01       2.363988861150e-06 
       3.138793597714e+01       1.920108357498e-06 
       3.389191366484e+01       1.558555063429e-06 
       3.659564657905e+01       1.264159208910e-06 
       3.951507022538e+01       1.024549580974e-06 
       4.266739136701e+01       8.296052247324e-07 
       4.607118943941e+01       6.710703195741e-07 
       4.974652605557e+01       5.422001783854e-07 
       5.371506324689e+01       4.374849841813e-07 
       5.800019113685e+01       3.524343096297e-07 
       6.262716579983e+01       2.833939190180e-07 
       6.762325811764e+01       2.273781892560e-07 
