# Matter power spectrum P(k) at redshift z=99
# for k=1.04775e-05 to 67.6233 h/Mpc,
# number of wavenumbers equal to 246
#    1:k (h/Mpc)              2:P (Mpc/h)^3        
       1.047750691338e-05       7.261927673119e-03 
       1.131335172818e-05       7.820331745737e-03 
       1.221587619877e-05       8.421675986489e-03 
       1.319039970550e-05       9.069258192194e-03 
       1.424266598317e-05       9.766638404421e-03 
       1.537887697396e-05       1.051764069682e-02 
       1.660572938097e-05       1.132639105520e-02 
       1.793045413791e-05       1.219733231416e-02 
       1.936085902737e-05       1.313524224380e-02 
       2.090537469909e-05       1.414527121893e-02 
       2.257310435923e-05       1.523296272192e-02 
       2.437387742372e-05       1.640429444530e-02 
       2.631830745176e-05       1.766569582177e-02 
       2.841785470091e-05       1.902408601793e-02 
       3.068489367268e-05       2.048692970591e-02 
       3.313278604643e-05       2.206225513594e-02 
       3.577595943165e-05       2.375870704909e-02 
       3.862999240274e-05       2.558560727479e-02 
       4.171170631739e-05       2.755297763344e-02 
       4.503926445983e-05       2.967161927316e-02 
       4.863227909323e-05       3.195316450832e-02 
       5.251192705226e-05       3.441013519284e-02 
       5.670107455699e-05       3.705601722527e-02 
       6.122441198393e-05       3.990533413561e-02 
       6.610859938837e-05       4.297372168203e-02 
       7.138242363583e-05       4.627802141688e-02 
       7.707696806873e-05       4.983636194159e-02 
       8.322579570814e-05       5.366826847231e-02 
       8.986514707061e-05       5.779476394568e-02 
       9.703415376577e-05       6.223848243885e-02 
       1.047750691338e-04       6.702379865640e-02 
       1.131335172818e-04       7.217695153381e-02 
       1.221587619877e-04       7.772619073572e-02 
       1.319039970550e-04       8.370193432377e-02 
       1.424266598317e-04       9.013692507547e-02 
       1.537887697396e-04       9.706641242570e-02 
       1.660572938097e-04       1.045283354271e-01 
       1.793045413791e-04       1.125635349068e-01 
       1.936085902737e-04       1.212159614968e-01 
       2.090537469909e-04       1.305329132714e-01 
       2.257310435923e-04       1.405652846215e-01 
       2.437387742372e-04       1.513678302540e-01 
       2.631830745176e-04       1.629994504870e-01 
       2.841785470091e-04       1.755234921224e-01 
       3.068489367268e-04       1.890080670413e-01 
       3.313278604643e-04       2.035264002435e-01 
       3.577595943165e-04       2.191571803681e-01 
       3.862999240274e-04       2.359849437593e-01 
       4.171170631739e-04       2.541004741539e-01 
       4.503926445983e-04       2.736012080278e-01 
       4.863227909323e-04       2.945916790965e-01 
       5.251192705226e-04       3.171839525183e-01 
       5.670107455699e-04       3.414980764002e-01 
       6.122441198393e-04       3.676625413100e-01 
       6.610859938837e-04       3.958147252304e-01 
       7.138242363583e-04       4.261013284913e-01 
       7.707696806873e-04       4.586787792352e-01 
       8.322579570814e-04       4.937136001381e-01 
       8.986514707061e-04       5.313826801402e-01 
       9.703415376577e-04       5.718734972157e-01 
       1.047750691338e-03       6.153841629505e-01 
       1.131335172818e-03       6.621233239466e-01 
       1.221587619877e-03       7.123098220431e-01 
       1.319039970550e-03       7.661720584603e-01 
       1.424266598317e-03       8.239546297729e-01 
       1.537887697396e-03       8.859011173466e-01 
       1.660572938097e-03       9.522588006420e-01 
       1.793045413791e-03       1.023280099819e+00 
       1.936085902737e-03       1.099216304579e+00 
       2.090537469909e-03       1.180312990453e+00 
       2.257310435923e-03       1.266804115851e+00 
       2.437387742372e-03       1.358904853406e+00 
       2.631830745176e-03       1.456802683156e+00 
       2.841785470091e-03       1.560646890522e+00 
       3.068489367268e-03       1.670536062499e+00 
       3.313278604643e-03       1.786503852159e+00 
       3.577595943165e-03       1.908502930788e+00 
       3.862999240274e-03       2.036387730709e+00 
       4.171170631739e-03       2.169896178371e+00 
       4.503926445983e-03       2.308631878994e+00 
       4.863227909323e-03       2.452047290962e+00 
       5.251192705226e-03       2.599430628088e+00 
       5.670107455699e-03       2.749896931813e+00 
       6.122441198393e-03       2.902386513384e+00 
       6.610859938837e-03       3.055668713485e+00 
       7.138242363583e-03       3.208356461547e+00 
       7.707696806873e-03       3.358923893532e+00 
       8.322579570814e-03       3.505725595233e+00 
       8.986514707061e-03       3.647009645058e+00 
       9.703415376577e-03       3.780923304293e+00 
       1.047750691338e-02       3.905491043196e+00 
       1.131335172818e-02       4.018586128821e+00 
       1.221587619877e-02       4.117901586171e+00 
       1.319039970550e-02       4.200915334459e+00 
       1.424266598317e-02       4.264941398801e+00 
       1.537887697392e-02       4.307219429680e+00 
       1.660572938023e-02       4.325065207859e+00 
       1.793045412706e-02       4.316055058313e+00 
       1.936085890181e-02       4.278230481957e+00 
       2.090537352463e-02       4.210196839264e+00 
       2.257309535333e-02       4.111422537727e+00 
       2.437382002918e-02       3.982421114318e+00 
       2.631799944462e-02       3.825169164690e+00 
       2.841644545389e-02       3.643286053544e+00 
       3.067933355377e-02       3.442196195560e+00 
       3.311368470740e-02       3.229237611275e+00 
       3.571840443502e-02       3.013515567444e+00 
       3.847720348444e-02       2.805280740479e+00 
       4.135335538431e-02       2.614415548701e+00 
       4.429361667738e-02       2.448132759370e+00 
       4.724366439141e-02       2.309242439216e+00 
       5.016480835311e-02       2.196117335440e+00 
       5.303989620246e-02       2.104363663623e+00 
       5.586870669566e-02       2.028461863947e+00 
       5.866042680613e-02       1.963153606877e+00 
       6.142798932958e-02       1.903780422361e+00 
       6.418496440164e-02       1.846477521619e+00 
       6.694418833788e-02       1.788198033424e+00 
       6.971731106057e-02       1.726716082295e+00 
       7.251476155766e-02       1.660655998311e+00 
       7.534587671527e-02       1.589473174082e+00 
       7.821907666265e-02       1.513440701731e+00 
       8.114203772912e-02       1.433566658048e+00 
       8.412184535029e-02       1.351494333337e+00 
       8.716512279304e-02       1.269273380746e+00 
       9.027813695930e-02       1.189193280724e+00 
       9.346688431697e-02       1.113500817554e+00 
       9.673716028276e-02       1.044174902080e+00 
       1.000946150830e-01       9.827067106783e-01 
       1.035447986537e-01       9.299396411654e-01 
       1.070931966762e-01       8.859600724329e-01 
       1.107452594425e-01       8.500707579220e-01 
       1.145064249153e-01       8.208029502591e-01 
       1.183821370918e-01       7.960259892606e-01 
       1.223778605862e-01       7.731472690760e-01 
       1.264990921987e-01       7.494495519850e-01 
       1.307513701367e-01       7.225569637809e-01 
       1.351402814784e-01       6.909084935495e-01 
       1.396714684203e-01       6.541807438477e-01 
       1.443506338194e-01       6.134263825169e-01 
       1.491835465229e-01       5.708684806291e-01 
       1.541760469708e-01       5.293632124176e-01 
       1.593340535561e-01       4.917111698325e-01 
       1.646635702297e-01       4.599211785099e-01 
       1.701706958456e-01       4.347295770369e-01 
       1.758616357459e-01       4.154080528849e-01 
       1.817427160982e-01       3.999366188251e-01 
       1.878204015065e-01       3.856826902015e-01 
       1.941013164283e-01       3.698090591585e-01 
       2.005922709503e-01       3.505471478915e-01 
       2.073002914972e-01       3.280429870573e-01 
       2.142326570816e-01       3.042140563965e-01 
       2.213969417533e-01       2.816115552396e-01 
       2.288010639706e-01       2.622573167461e-01 
       2.364533437147e-01       2.469619049774e-01 
       2.443625682930e-01       2.350126241731e-01 
       2.525380679504e-01       2.244180274807e-01 
       2.609898026346e-01       2.130933382532e-01 
       2.697284615565e-01       2.001022300151e-01 
       2.787655775689e-01       1.860197983877e-01 
       2.881136588829e-01       1.725170064559e-01 
       2.977863412677e-01       1.610654435381e-01 
       3.077985646929e-01       1.517609214676e-01 
       3.181667794071e-01       1.435596439488e-01 
       3.289091877812e-01       1.351816698051e-01 
       3.400460299658e-01       1.261643221281e-01 
       3.515999236474e-01       1.172022055997e-01 
       3.635962711085e-01       1.091768804416e-01 
       3.760637506334e-01       1.023097943994e-01 
       3.890349143879e-01       9.593781065583e-02 
       4.025469216825e-01       8.950769754912e-02 
       4.166424456376e-01       8.311161005748e-02 
       4.313708035863e-01       7.721556380521e-02 
       4.467893782977e-01       7.190058769401e-02 
       4.629654199664e-01       6.686892855246e-02 
       4.799783501994e-01       6.191757069106e-02 
       4.979227319373e-01       5.722229240835e-02 
       5.169121270864e-01       5.290289343236e-02 
       5.370841404489e-01       4.876977663574e-02 
       5.586070464571e-01       4.479092079738e-02 
       5.816885094930e-01       4.105202563368e-02 
       6.065870144995e-01       3.748994504129e-02 
       6.336266468475e-01       3.407631600719e-02 
       6.632156059511e-01       3.083462626777e-02 
       6.958678639263e-01       2.772838388784e-02 
       7.322247985589e-01       2.476712999206e-02 
       7.730680195114e-01       2.193962759275e-02 
       8.193049553677e-01       1.925618310275e-02 
       8.718988016039e-01       1.672932377744e-02 
       9.317218031082e-01       1.438417636319e-02 
       9.993660908989e-01       1.225070047239e-02 
       1.075037110174e+00       1.035264102295e-02 
       1.158653485707e+00       8.699702705718e-03 
       1.250099157308e+00       7.284600767779e-03 
       1.349432401273e+00       6.085442969326e-03 
       1.456947457397e+00       5.075732734875e-03 
       1.573135111331e+00       4.228310965757e-03 
       1.698621895592e+00       3.518540467358e-03 
       1.834127512934e+00       2.924969999649e-03 
       1.980444934528e+00       2.429155815056e-03 
       2.138435191726e+00       2.015498002117e-03 
       2.309029199186e+00       1.670759299463e-03 
       2.493232377687e+00       1.383777714739e-03 
       2.692130395285e+00       1.145118282449e-03 
       2.906895534573e+00       9.468422786979e-04 
       3.138793597714e+00       7.822713802163e-04 
       3.389191366484e+00       6.458029116508e-04 
       3.659564657905e+00       5.327530847600e-04 
       3.951507022538e+00       4.391628279721e-04 
       4.266739136701e+00       3.617645699985e-04 
       4.607118943941e+00       2.978019089536e-04 
       4.974652605557e+00       2.449849023045e-04 
       5.371506324689e+00       2.014065351997e-04 
       5.800019113685e+00       1.654736394254e-04 
       6.262716579983e+00       1.358677299261e-04 
       6.762325811764e+00       1.114926384893e-04 
       7.301791451110e+00       9.143490188531e-05 
       7.884293049406e+00       7.494290581311e-05 
       8.513263807261e+00       6.139056073356e-05 
       9.192410809424e+00       5.025885336201e-05 
       9.925736873929e+00       4.112232769060e-05 
       1.071756414427e+01       3.362723073175e-05 
       1.157255956364e+01       2.748165114951e-05 
       1.249576238137e+01       2.244529175932e-05 
       1.349261385375e+01       1.832014982165e-05 
       1.456898931416e+01       1.494265117594e-05 
       1.573123280165e+01       1.217869374479e-05 
       1.698619445202e+01       9.917547505300e-06 
       1.834127087176e+01       8.068555297380e-06 
       1.980444873285e+01       6.557115798446e-06 
       2.138435184532e+01       5.321909664027e-06 
       2.309029198506e+01       4.312839162423e-06 
       2.493232377636e+01       3.488656642716e-06 
       2.692130395282e+01       2.815665314408e-06 
       2.906895534573e+01       2.266236074347e-06 
       3.138793597714e+01       1.817824647274e-06 
       3.389191366484e+01       1.451983936908e-06 
       3.659564657905e+01       1.153685633266e-06 
       3.951507022538e+01       9.106194859873e-07 
       4.266739136701e+01       7.128153452585e-07 
       4.607118943941e+01       5.521497002025e-07 
       4.974652605557e+01       4.220413322171e-07 
       5.371506324689e+01       3.171636055836e-07 
       5.800019113685e+01       2.331929014510e-07 
       6.262716579983e+01       1.666479038372e-07 
       6.762325811764e+01       1.146816612641e-07 
