# Matter power spectrum P(k) at redshift z=0
# for k=1.04775e-05 to 67.6233 h/Mpc,
# number of wavenumbers equal to 246
#    1:k (h/Mpc)              2:P (Mpc/h)^3        
       1.047750691338e-05       5.020964806750e+01 
       1.131335172818e-05       5.407048206553e+01 
       1.221587619877e-05       5.822819063980e+01 
       1.319039970550e-05       6.270562589681e+01 
       1.424266598317e-05       6.752731788102e+01 
       1.537887697396e-05       7.271977200258e+01 
       1.660572938097e-05       7.831147241542e+01 
       1.793045413791e-05       8.433311815128e+01 
       1.936085902737e-05       9.081778242446e+01 
       2.090537469909e-05       9.780108061341e+01 
       2.257310435923e-05       1.053213197032e+02 
       2.437387742372e-05       1.134197377001e+02 
       2.631830745176e-05       1.221408202816e+02 
       2.841785470091e-05       1.315324720916e+02 
       3.068489367268e-05       1.416462093729e+02 
       3.313278604643e-05       1.525374500691e+02 
       3.577595943165e-05       1.642660687078e+02 
       3.862999240274e-05       1.768963504868e+02 
       4.171170631739e-05       1.904975992460e+02 
       4.503926445983e-05       2.051444490305e+02 
       4.863227909323e-05       2.209171463752e+02 
       5.251192705226e-05       2.379022222314e+02 
       5.670107455699e-05       2.561927925640e+02 
       6.122441198393e-05       2.758890441791e+02 
       6.610859938837e-05       2.970989225466e+02 
       7.138242363583e-05       3.199385558200e+02 
       7.707696806873e-05       3.445329780878e+02 
       8.322579570814e-05       3.710167315928e+02 
       8.986514707061e-05       3.995346440954e+02 
       9.703415376577e-05       4.302425403884e+02 
       1.047750691338e-04       4.633080762974e+02 
       1.131335172818e-04       4.989116267507e+02 
       1.221587619877e-04       5.372471946561e+02 
       1.319039970550e-04       5.785234124625e+02 
       1.424266598317e-04       6.229645930980e+02 
       1.537887697396e-04       6.708118484951e+02 
       1.660572938097e-04       7.223242660220e+02 
       1.793045413791e-04       7.777801552650e+02 
       1.936085902737e-04       8.374783607333e+02 
       2.090537469909e-04       9.017396264495e+02 
       2.257310435923e-04       9.709080260152e+02 
       2.437387742372e-04       1.045352448644e+03 
       2.631830745176e-04       1.125468122836e+03 
       2.841785470091e-04       1.211678179511e+03 
       3.068489367268e-04       1.304435249091e+03 
       3.313278604643e-04       1.404223052541e+03 
       3.577595943165e-04       1.511558013390e+03 
       3.862999240274e-04       1.626990836531e+03 
       4.171170631739e-04       1.751108027369e+03 
       4.503926445983e-04       1.884533381345e+03 
       4.863227909323e-04       2.027929376470e+03 
       5.251192705226e-04       2.181998446367e+03 
       5.670107455699e-04       2.347484100857e+03 
       6.122441198393e-04       2.525171869337e+03 
       6.610859938837e-04       2.715889981401e+03 
       7.138242363583e-04       2.920509686091e+03 
       7.707696806873e-04       3.139945097710e+03 
       8.322579570814e-04       3.375152334396e+03 
       8.986514707061e-04       3.627127828231e+03 
       9.703415376577e-04       3.896905450015e+03 
       1.047750691338e-03       4.185552170934e+03 
       1.131335172818e-03       4.494162426790e+03 
       1.221587619877e-03       4.823850702665e+03 
       1.319039970550e-03       5.175742738657e+03 
       1.424266598317e-03       5.551019592519e+03 
       1.537887697396e-03       5.950788335874e+03 
       1.660572938097e-03       6.376123046840e+03 
       1.793045413791e-03       6.828073896112e+03 
       1.936085902737e-03       7.307625375381e+03 
       2.090537469909e-03       7.815671857717e+03 
       2.257310435923e-03       8.352990369382e+03 
       2.437387742372e-03       8.920211057515e+03 
       2.631830745176e-03       9.517783061875e+03 
       2.841785470091e-03       1.014593703669e+04 
       3.068489367268e-03       1.080464505738e+04 
       3.313278604643e-03       1.149357459542e+04 
       3.577595943165e-03       1.221203620822e+04 
       3.862999240274e-03       1.295892538500e+04 
       4.171170631739e-03       1.373266001281e+04 
       4.503926445983e-03       1.453111834587e+04 
       4.863227909323e-03       1.535154983949e+04 
       5.251192705226e-03       1.619063611793e+04 
       5.670107455699e-03       1.704431256500e+04 
       6.122441198393e-03       1.790755939409e+04 
       6.610859938837e-03       1.877460412147e+04 
       7.138242363583e-03       1.963872432238e+04 
       7.707696806873e-03       2.049215712217e+04 
       8.322579570814e-03       2.132607243646e+04 
       8.986514707061e-03       2.213054701553e+04 
       9.703415376577e-03       2.289445483336e+04 
       1.047750691338e-02       2.360548205206e+04 
       1.131335172818e-02       2.425023072630e+04 
       1.221587619877e-02       2.481423929208e+04 
       1.319039970550e-02       2.528218781730e+04 
       1.424266598317e-02       2.563815312249e+04 
       1.537887697392e-02       2.586606270657e+04 
       1.660572938023e-02       2.595028430160e+04 
       1.793045412706e-02       2.587634132591e+04 
       1.936085890181e-02       2.563218479036e+04 
       2.090537352463e-02       2.520936895252e+04 
       2.257309535333e-02       2.460447140439e+04 
       2.437382002918e-02       2.382091130630e+04 
       2.631799944462e-02       2.287044668492e+04 
       2.841644545389e-02       2.177453324300e+04 
       3.067933355377e-02       2.056556636578e+04 
       3.311368470740e-02       1.928727149670e+04 
       3.571840443502e-02       1.799398400061e+04 
       3.847720348444e-02       1.674682498703e+04 
       4.135335538431e-02       1.560459605097e+04 
       4.429361667738e-02       1.461039303858e+04 
       4.724366439141e-02       1.378051783827e+04 
       5.016480835311e-02       1.310504534660e+04 
       5.303989620246e-02       1.255709495434e+04 
       5.586870669566e-02       1.210427933657e+04 
       5.866042680613e-02       1.171471271335e+04 
       6.142798932958e-02       1.136051835143e+04 
       6.418496440164e-02       1.101862625465e+04 
       6.694418833788e-02       1.067075373400e+04 
       6.971731106057e-02       1.030360097545e+04 
       7.251476155766e-02       9.909072407084e+03 
       7.534587671527e-02       9.483822533962e+03 
       7.821907666265e-02       9.029504206200e+03 
       8.114203772912e-02       8.552360638518e+03 
       8.412184535029e-02       8.061982184593e+03 
       8.716512279304e-02       7.570811658779e+03 
       9.027813695930e-02       7.092565679605e+03 
       9.346688431697e-02       6.640556246473e+03 
       9.673716028276e-02       6.226728914276e+03 
       1.000946150830e-01       5.859975748043e+03 
       1.035447986537e-01       5.545294699751e+03 
       1.070931966762e-01       5.283166442635e+03 
       1.107452594425e-01       5.069429565116e+03 
       1.145064249153e-01       4.895262013372e+03 
       1.183821370918e-01       4.747875662142e+03 
       1.223778605862e-01       4.611739085633e+03 
       1.264990921987e-01       4.470620282762e+03 
       1.307513701367e-01       4.310223003026e+03 
       1.351402814784e-01       4.121378106578e+03 
       1.396714684203e-01       3.902069525879e+03 
       1.443506338194e-01       3.658641450812e+03 
       1.491835465229e-01       3.404476960685e+03 
       1.541760469708e-01       3.156664843347e+03 
       1.593340535561e-01       2.931938161935e+03 
       1.646635702297e-01       2.742363423827e+03 
       1.701706958456e-01       2.592258376505e+03 
       1.758616357459e-01       2.477224209441e+03 
       1.817427160982e-01       2.385167067256e+03 
       1.878204015065e-01       2.300357233586e+03 
       1.941013164283e-01       2.205749896405e+03 
       2.005922709503e-01       2.090820137122e+03 
       2.073002914972e-01       1.956466806193e+03 
       2.142326570816e-01       1.814173487691e+03 
       2.213969417533e-01       1.679270185001e+03 
       2.288010639706e-01       1.563839340939e+03 
       2.364533437147e-01       1.472674062175e+03 
       2.443625682930e-01       1.401505824474e+03 
       2.525380679504e-01       1.338418053770e+03 
       2.609898026346e-01       1.270904188620e+03 
       2.697284615565e-01       1.193361029492e+03 
       2.787655775689e-01       1.109331757734e+03 
       2.881136588829e-01       1.028765316497e+03 
       2.977863412677e-01       9.604758051488e+02 
       3.077985646929e-01       9.050180058357e+02 
       3.181667794071e-01       8.561368785437e+02 
       3.289091877812e-01       8.061803114065e+02 
       3.400460299658e-01       7.523838961475e+02 
       3.515999236474e-01       6.989148501682e+02 
       3.635962711085e-01       6.510556879237e+02 
       3.760637506334e-01       6.101184781903e+02 
       3.890349143879e-01       5.721268176364e+02 
       4.025469216825e-01       5.337788324731e+02 
       4.166424456376e-01       4.956233903373e+02 
       4.313708035863e-01       4.604658107674e+02 
       4.467893782977e-01       4.287705007975e+02 
       4.629654199664e-01       3.987697116316e+02 
       4.799783501994e-01       3.692367745561e+02 
       4.979227319373e-01       3.412369502714e+02 
       5.169121270864e-01       3.154786964589e+02 
       5.370841404489e-01       2.908312422946e+02 
       5.586070464571e-01       2.671026637437e+02 
       5.816885094930e-01       2.448055711904e+02 
       6.065870144995e-01       2.235658377336e+02 
       6.336266468475e-01       2.032095730637e+02 
       6.632156059511e-01       1.838775206062e+02 
       6.958678639263e-01       1.653538155362e+02 
       7.322247985589e-01       1.476945905628e+02 
       7.730680195114e-01       1.308332779997e+02 
       8.193049553677e-01       1.148307002636e+02 
       8.718988016039e-01       9.976228571493e+01 
       9.317218031082e-01       8.577731229429e+01 
       9.993660908989e-01       7.305418614367e+01 
       1.075037110174e+00       6.173545665849e+01 
       1.158653485707e+00       5.187843696831e+01 
       1.250099157308e+00       4.343945052302e+01 
       1.349432401273e+00       3.628835611335e+01 
       1.456947457397e+00       3.026732823736e+01 
       1.573135111331e+00       2.521383832855e+01 
       1.698621895592e+00       2.098134296266e+01 
       1.834127512934e+00       1.744162053231e+01 
       1.980444934528e+00       1.448500229634e+01 
       2.138435191726e+00       1.201819513787e+01 
       2.309029199186e+00       9.962405365888e+00 
       2.493232377687e+00       8.250894716464e+00 
       2.692130395285e+00       6.827752102680e+00 
       2.906895534573e+00       5.645276966851e+00 
       3.138793597714e+00       4.663841306133e+00 
       3.389191366484e+00       3.850029338375e+00 
       3.659564657905e+00       3.175763788644e+00 
       3.951507022538e+00       2.617621189006e+00 
       4.266739136701e+00       2.155974578285e+00 
       4.607118943941e+00       1.774461897314e+00 
       4.974652605557e+00       1.459408095708e+00 
       5.371506324689e+00       1.199395165442e+00 
       5.800019113685e+00       9.850132807901e-01 
       6.262716579983e+00       8.083357740528e-01 
       6.762325811764e+00       6.628286792537e-01 
       7.301791451110e+00       5.430707775353e-01 
       7.884293049406e+00       4.445501006225e-01 
       8.513263807261e+00       3.635489732646e-01 
       9.192410809424e+00       2.969777281590e-01 
       9.925736873929e+00       2.422872758617e-01 
       1.071756414427e+01       1.973656887571e-01 
       1.157255956364e+01       1.604861242434e-01 
       1.249576238137e+01       1.302094401557e-01 
       1.349261385375e+01       1.053570817300e-01 
       1.456898931416e+01       8.495591797925e-02 
       1.573123280165e+01       6.820938731804e-02 
       1.698619445202e+01       5.446366421184e-02 
       1.834127087176e+01       4.318252126723e-02 
       1.980444873285e+01       3.392823264644e-02 
       2.138435184532e+01       2.634636404372e-02 
       2.309029198506e+01       2.014777328024e-02 
       2.493232377636e+01       1.510076466985e-02 
       2.692130395282e+01       1.101979226643e-02 
       2.906895534573e+01       7.756330972440e-03 
       3.138793597714e+01       5.193006625654e-03 
       3.389191366484e+01       3.235301280309e-03 
       3.659564657905e+01       1.805719927302e-03 
       3.951507022538e+01       8.365608878249e-04 
       4.266739136701e+01       2.638679921725e-04 
       4.607118943941e+01       2.102993279268e-05 
       4.974652605557e+01       3.438355281896e-05 
       5.371506324689e+01       2.209606810850e-04 
       5.800019113685e+01       4.903015603045e-04 
       6.262716579983e+01       7.514539799511e-04 
       6.762325811764e+01       9.251001300905e-04 
