# Matter power spectrum P(k) at redshift z=0
# for k=1.04775e-05 to 67.6233 h/Mpc,
# number of wavenumbers equal to 246
#    1:k (h/Mpc)              2:P (Mpc/h)^3        
       1.047750691338e-05       5.020964806754e+01 
       1.131335172818e-05       5.407048206553e+01 
       1.221587619877e-05       5.822819065153e+01 
       1.319039970550e-05       6.270562589986e+01 
       1.424266598317e-05       6.752731788102e+01 
       1.537887697396e-05       7.271977200256e+01 
       1.660572938097e-05       7.831147241545e+01 
       1.793045413791e-05       8.433311815128e+01 
       1.936085902737e-05       9.081778242446e+01 
       2.090537469909e-05       9.780108061374e+01 
       2.257310435923e-05       1.053213197032e+02 
       2.437387742372e-05       1.134197376999e+02 
       2.631830745176e-05       1.221408202827e+02 
       2.841785470091e-05       1.315324720918e+02 
       3.068489367268e-05       1.416462093646e+02 
       3.313278604643e-05       1.525374500691e+02 
       3.577595943165e-05       1.642660687076e+02 
       3.862999240274e-05       1.768963504868e+02 
       4.171170631739e-05       1.904975992441e+02 
       4.503926445983e-05       2.051444490303e+02 
       4.863227909323e-05       2.209171463751e+02 
       5.251192705226e-05       2.379022222312e+02 
       5.670107455699e-05       2.561927756928e+02 
       6.122441198393e-05       2.758890441770e+02 
       6.610859938837e-05       2.970989225477e+02 
       7.138242363583e-05       3.199385558200e+02 
       7.707696806873e-05       3.445329780879e+02 
       8.322579570814e-05       3.710167315928e+02 
       8.986514707061e-05       3.995346440952e+02 
       9.703415376577e-05       4.302425403826e+02 
       1.047750691338e-04       4.633080762972e+02 
       1.131335172818e-04       4.989116276111e+02 
       1.221587619877e-04       5.372471946564e+02 
       1.319039970550e-04       5.785234135161e+02 
       1.424266598317e-04       6.229645930980e+02 
       1.537887697396e-04       6.708118484951e+02 
       1.660572938097e-04       7.223242660219e+02 
       1.793045413791e-04       7.777801560227e+02 
       1.936085902737e-04       8.374783607332e+02 
       2.090537469909e-04       9.017396264495e+02 
       2.257310435923e-04       9.709080260152e+02 
       2.437387742372e-04       1.045352448644e+03 
       2.631830745176e-04       1.125468122837e+03 
       2.841785470091e-04       1.211678179510e+03 
       3.068489367268e-04       1.304435249090e+03 
       3.313278604643e-04       1.404223052541e+03 
       3.577595943165e-04       1.511558013390e+03 
       3.862999240274e-04       1.626990836437e+03 
       4.171170631739e-04       1.751108027371e+03 
       4.503926445983e-04       1.884533381344e+03 
       4.863227909323e-04       2.027929376470e+03 
       5.251192705226e-04       2.181998446367e+03 
       5.670107455699e-04       2.347484100856e+03 
       6.122441198393e-04       2.525171869334e+03 
       6.610859938837e-04       2.715889981399e+03 
       7.138242363583e-04       2.920509686077e+03 
       7.707696806873e-04       3.139945097707e+03 
       8.322579570814e-04       3.375152334392e+03 
       8.986514707061e-04       3.627127828226e+03 
       9.703415376577e-04       3.896905450005e+03 
       1.047750691338e-03       4.185552170923e+03 
       1.131335172818e-03       4.494162426769e+03 
       1.221587619877e-03       4.823850702632e+03 
       1.319039970550e-03       5.175742734671e+03 
       1.424266598317e-03       5.551019592441e+03 
       1.537887697396e-03       5.950788335777e+03 
       1.660572938097e-03       6.376123046624e+03 
       1.793045413791e-03       6.828073895828e+03 
       1.936085902737e-03       7.307625374923e+03 
       2.090537469909e-03       7.815671857034e+03 
       2.257310435923e-03       8.352990368226e+03 
       2.437387742372e-03       8.920211055714e+03 
       2.631830745176e-03       9.517783059059e+03 
       2.841785470091e-03       1.014593703232e+04 
       3.068489367268e-03       1.080464505083e+04 
       3.313278604643e-03       1.149357458440e+04 
       3.577595943165e-03       1.221203619235e+04 
       3.862999240274e-03       1.295892536081e+04 
       4.171170631739e-03       1.373266030539e+04 
       4.503926445983e-03       1.453111829038e+04 
       4.863227909323e-03       1.535154975631e+04 
       5.251192705226e-03       1.619063599504e+04 
       5.670107455699e-03       1.704431237938e+04 
       6.122441198393e-03       1.790755905922e+04 
       6.610859938837e-03       1.877460397996e+04 
       7.138242363583e-03       1.963872370046e+04 
       7.707696806873e-03       2.049215622293e+04 
       8.322579570814e-03       2.132607037728e+04 
       8.986514707061e-03       2.213054995330e+04 
       9.703415376577e-03       2.289445192508e+04 
       1.047750691338e-02       2.360548097761e+04 
       1.131335172818e-02       2.425022556735e+04 
       1.221587619877e-02       2.481422557829e+04 
       1.319039970550e-02       2.528216512518e+04 
       1.424266598317e-02       2.563813505061e+04 
       1.537887697392e-02       2.586604422248e+04 
       1.660572938023e-02       2.595023761379e+04 
       1.793045412706e-02       2.587630101916e+04 
       1.936085890181e-02       2.563212023505e+04 
       2.090537352463e-02       2.520924995597e+04 
       2.257309535333e-02       2.460432200079e+04 
       2.437382002918e-02       2.382073702661e+04 
       2.631799944462e-02       2.287015178173e+04 
       2.841644545389e-02       2.177424160294e+04 
       3.067933355377e-02       2.056518600092e+04 
       3.311368470740e-02       1.928681142139e+04 
       3.571840443502e-02       1.799342419086e+04 
       3.847720348444e-02       1.674609620872e+04 
       4.135335538431e-02       1.560377782025e+04 
       4.429361667738e-02       1.460931416966e+04 
       4.724366439141e-02       1.377934601896e+04 
       5.016480835311e-02       1.310366632877e+04 
       5.303989620246e-02       1.255556109267e+04 
       5.586870669566e-02       1.210243357999e+04 
       5.866042680613e-02       1.171262688198e+04 
       6.142798932958e-02       1.135820031172e+04 
       6.418496440164e-02       1.101601890111e+04 
       6.694418833788e-02       1.066785842712e+04 
       6.971731106057e-02       1.030047690954e+04 
       7.251476155766e-02       9.905625687125e+03 
       7.534587671527e-02       9.480082407083e+03 
       7.821907666265e-02       9.025464123716e+03 
       8.114203772912e-02       8.547967284964e+03 
       8.412184535029e-02       8.057242914550e+03 
       8.716512279304e-02       7.565731384428e+03 
       9.027813695930e-02       7.087061125382e+03 
       9.346688431697e-02       6.634721468835e+03 
       9.673716028276e-02       6.220538994513e+03 
       1.000946150830e-01       5.853372788439e+03 
       1.035447986537e-01       5.538248925619e+03 
       1.070931966762e-01       5.275696942835e+03 
       1.107452594425e-01       5.061500529790e+03 
       1.145064249153e-01       4.886794366457e+03 
       1.183821370918e-01       4.738818751118e+03 
       1.223778605862e-01       4.602094840028e+03 
       1.264990921987e-01       4.460326524571e+03 
       1.307513701367e-01       4.299296518229e+03 
       1.351402814784e-01       4.109724893918e+03 
       1.396714684203e-01       3.889701677108e+03 
       1.443506338194e-01       3.645588062525e+03 
       1.491835465229e-01       3.390754020642e+03 
       1.541760469708e-01       3.142262329607e+03 
       1.593340535561e-01       2.916863434088e+03 
       1.646635702297e-01       2.726500948179e+03 
       1.701706958456e-01       2.575544974460e+03 
       1.758616357459e-01       2.459575118431e+03 
       1.817427160982e-01       2.366471344614e+03 
       1.878204015065e-01       2.280537841572e+03 
       1.941013164283e-01       2.184805447683e+03 
       2.005922709503e-01       2.068763729024e+03 
       2.073002914972e-01       1.933380805757e+03 
       2.142326570816e-01       1.790126937641e+03 
       2.213969417533e-01       1.654235739161e+03 
       2.288010639706e-01       1.537709396871e+03 
       2.364533437147e-01       1.445323737043e+03 
       2.443625682930e-01       1.372775144532e+03 
       2.525380679504e-01       1.308205008469e+03 
       2.609898026346e-01       1.239237550142e+03 
       2.697284615565e-01       1.160360806059e+03 
       2.787655775689e-01       1.075052638836e+03 
       2.881136588829e-01       9.932261104129e+02 
       2.977863412677e-01       9.235494179574e+02 
       3.077985646929e-01       8.665236942198e+02 
       3.181667794071e-01       8.159803857777e+02 
       3.289091877812e-01       7.643892854669e+02 
       3.400460299658e-01       7.090887128887e+02 
       3.515999236474e-01       6.541649103491e+02 
       3.635962711085e-01       6.047667427233e+02 
       3.760637506334e-01       5.621360543286e+02 
       3.890349143879e-01       5.224134196941e+02 
       4.025469216825e-01       4.824149063970e+02 
       4.166424456376e-01       4.427001654771e+02 
       4.313708035863e-01       4.059323422434e+02 
       4.467893782977e-01       3.725534167304e+02 
       4.629654199664e-01       3.408745523006e+02 
       4.799783501994e-01       3.097671477698e+02 
       4.979227319373e-01       2.802241557159e+02 
       5.169121270864e-01       2.528980292646e+02 
       5.370841404489e-01       2.267558305644e+02 
       5.586070464571e-01       2.016388633250e+02 
       5.816885094930e-01       1.780160420504e+02 
       6.065870144995e-01       1.555719552291e+02 
       6.336266468475e-01       1.341879366403e+02 
       6.632156059511e-01       1.140191344866e+02 
       6.958678639263e-01       9.494246868322e+01 
       7.322247985589e-01       7.708425258303e+01 
       7.730680195114e-01       6.050572177809e+01 
       8.193049553677e-01       4.541215703452e+01 
       8.718988016039e-01       3.206314336698e+01 
       9.317218031082e-01       2.079111614124e+01 
       9.993660908989e-01       1.191245688621e+01 
       1.075037110174e+00       5.601575759897e+00 
       1.158653485707e+00       1.792977935399e+00 
       1.250099157308e+00       1.601021182728e-01 
       1.349432401273e+00       1.786837423204e-01 
       1.456947457397e+00       1.223577971950e+00 
       1.573135111331e+00       2.659307824413e+00 
       1.698621895592e+00       3.926415085438e+00 
       1.834127512934e+00       4.622164586548e+00 
       1.980444934528e+00       4.565052885814e+00 
       2.138435191726e+00       3.817460218615e+00 
       2.309029199186e+00       2.649686216338e+00 
       2.493232377687e+00       1.436845164152e+00 
       2.692130395285e+00       5.170439158343e-01 
       2.906895534573e+00       6.196500053393e-02 
       3.138793597714e+00       2.306728487081e-02 
       3.389191366484e+00       1.880225966369e-01 
       3.659564657905e+00       3.214209285894e-01 
       3.951507022538e+00       3.034832363715e-01 
       4.266739136701e+00       1.725729772487e-01 
       4.607118943941e+00       4.651656625206e-02 
       4.974652605557e+00       3.226387745100e-04 
       5.371506324689e+00       1.442824533648e-02 
       5.800019113685e+00       2.838349016201e-02 
       6.262716579983e+00       1.801034513009e-02 
       6.762325811764e+00       3.115685600614e-03 
       7.301791451110e+00       2.963077106923e-04 
       7.884293049406e+00       2.525832090982e-03 
       8.513263807261e+00       1.579086333531e-03 
       9.192410809424e+00       8.223763913696e-05 
       9.925736873929e+00       1.660312489540e-04 
       1.071756414427e+01       1.929404064502e-04 
       1.157255956364e+01       8.669169232987e-06 
       1.249576238137e+01       2.007646834025e-05 
       1.349261385375e+01       1.003308370422e-05 
       1.456898931416e+01       5.566334649515e-07 
       1.573123280165e+01       2.017707385056e-06 
       1.698619445202e+01       1.253797316502e-12 
       1.834127087176e+01       1.561453137788e-07 
       1.980444873285e+01       7.485287561941e-09 
       2.138435184532e+01       2.186816698444e-08 
       2.309029198506e+01       3.139578201745e-11 
       2.493232377636e+01       5.412903499936e-10 
       2.692130395282e+01       1.375993786156e-09 
       2.906895534573e+01       1.560464093900e-10 
       3.138793597714e+01       3.829772149987e-10 
       3.389191366484e+01       4.128386548357e-10 
       3.659564657905e+01       1.280783399389e-10 
       3.951507022538e+01       8.342147754296e-11 
       4.266739136701e+01       1.785277865100e-10 
       4.607118943941e+01       3.818146008041e-11 
       4.974652605557e+01       4.553076605127e-11 
       5.371506324689e+01       5.439144511269e-11 
       5.800019113685e+01       7.381996053687e-12 
       6.262716579983e+01       3.673360225696e-11 
       6.762325811764e+01       4.530435108270e-12 
