# Matter power spectrum P(k) at redshift z=0
# for k=1.04775e-05 to 67.6233 h/Mpc,
# number of wavenumbers equal to 246
#    1:k (h/Mpc)              2:P (Mpc/h)^3        
       1.047750691338e-05       5.020964806749e+01 
       1.131335172818e-05       5.407048206554e+01 
       1.221587619877e-05       5.822819063894e+01 
       1.319039970550e-05       6.270562589680e+01 
       1.424266598317e-05       6.752731788102e+01 
       1.537887697396e-05       7.271977200257e+01 
       1.660572938097e-05       7.831147241542e+01 
       1.793045413791e-05       8.433311815128e+01 
       1.936085902737e-05       9.081778242446e+01 
       2.090537469909e-05       9.780108061340e+01 
       2.257310435923e-05       1.053213197032e+02 
       2.437387742372e-05       1.134197377001e+02 
       2.631830745176e-05       1.221408202816e+02 
       2.841785470091e-05       1.315324720917e+02 
       3.068489367268e-05       1.416462093730e+02 
       3.313278604643e-05       1.525374500691e+02 
       3.577595943165e-05       1.642660687078e+02 
       3.862999240274e-05       1.768963504868e+02 
       4.171170631739e-05       1.904975992460e+02 
       4.503926445983e-05       2.051444490305e+02 
       4.863227909323e-05       2.209171463752e+02 
       5.251192705226e-05       2.379022222314e+02 
       5.670107455699e-05       2.561927925810e+02 
       6.122441198393e-05       2.758890441791e+02 
       6.610859938837e-05       2.970989225466e+02 
       7.138242363583e-05       3.199385558200e+02 
       7.707696806873e-05       3.445329780878e+02 
       8.322579570814e-05       3.710167315928e+02 
       8.986514707061e-05       3.995346440954e+02 
       9.703415376577e-05       4.302425403884e+02 
       1.047750691338e-04       4.633080762974e+02 
       1.131335172818e-04       4.989116267507e+02 
       1.221587619877e-04       5.372471946561e+02 
       1.319039970550e-04       5.785234124636e+02 
       1.424266598317e-04       6.229645930980e+02 
       1.537887697396e-04       6.708118484951e+02 
       1.660572938097e-04       7.223242660220e+02 
       1.793045413791e-04       7.777801553295e+02 
       1.936085902737e-04       8.374783607333e+02 
       2.090537469909e-04       9.017396264495e+02 
       2.257310435923e-04       9.709080260152e+02 
       2.437387742372e-04       1.045352448644e+03 
       2.631830745176e-04       1.125468122836e+03 
       2.841785470091e-04       1.211678179511e+03 
       3.068489367268e-04       1.304435249091e+03 
       3.313278604643e-04       1.404223052541e+03 
       3.577595943165e-04       1.511558013390e+03 
       3.862999240274e-04       1.626990836430e+03 
       4.171170631739e-04       1.751108027371e+03 
       4.503926445983e-04       1.884533381345e+03 
       4.863227909323e-04       2.027929376471e+03 
       5.251192705226e-04       2.181998446367e+03 
       5.670107455699e-04       2.347484100857e+03 
       6.122441198393e-04       2.525171869336e+03 
       6.610859938837e-04       2.715889981401e+03 
       7.138242363583e-04       2.920509686091e+03 
       7.707696806873e-04       3.139945097711e+03 
       8.322579570814e-04       3.375152334396e+03 
       8.986514707061e-04       3.627127828231e+03 
       9.703415376577e-04       3.896905450016e+03 
       1.047750691338e-03       4.185552170958e+03 
       1.131335172818e-03       4.494162426791e+03 
       1.221587619877e-03       4.823850702664e+03 
       1.319039970550e-03       5.175742739621e+03 
       1.424266598317e-03       5.551019592520e+03 
       1.537887697396e-03       5.950788335878e+03 
       1.660572938097e-03       6.376123046807e+03 
       1.793045413791e-03       6.828073896118e+03 
       1.936085902737e-03       7.307625375387e+03 
       2.090537469909e-03       7.815671857251e+03 
       2.257310435923e-03       8.352990369411e+03 
       2.437387742372e-03       8.920211057542e+03 
       2.631830745176e-03       9.517783061890e+03 
       2.841785470091e-03       1.014593703671e+04 
       3.068489367268e-03       1.080464505731e+04 
       3.313278604643e-03       1.149357459453e+04 
       3.577595943165e-03       1.221203620826e+04 
       3.862999240274e-03       1.295892538505e+04 
       4.171170631739e-03       1.373265985345e+04 
       4.503926445983e-03       1.453111834595e+04 
       4.863227909323e-03       1.535154984227e+04 
       5.251192705226e-03       1.619063613435e+04 
       5.670107455699e-03       1.704431256604e+04 
       6.122441198393e-03       1.790755938452e+04 
       6.610859938837e-03       1.877460421966e+04 
       7.138242363583e-03       1.963872429099e+04 
       7.707696806873e-03       2.049215713235e+04 
       8.322579570814e-03       2.132607230476e+04 
       8.986514707061e-03       2.213055021747e+04 
       9.703415376577e-03       2.289445470798e+04 
       1.047750691338e-02       2.360548792918e+04 
       1.131335172818e-02       2.425023261829e+04 
       1.221587619877e-02       2.481423923697e+04 
       1.319039970550e-02       2.528218557018e+04 
       1.424266598317e-02       2.563814485633e+04 
       1.537887697392e-02       2.586607497445e+04 
       1.660572938023e-02       2.595028680726e+04 
       1.793045412706e-02       2.587634036746e+04 
       1.936085890181e-02       2.563219508037e+04 
       2.090537352463e-02       2.520936271695e+04 
       2.257309535333e-02       2.460449499783e+04 
       2.437382002918e-02       2.382093517847e+04 
       2.631799944462e-02       2.287042919008e+04 
       2.841644545389e-02       2.177454435732e+04 
       3.067933355377e-02       2.056555516055e+04 
       3.311368470740e-02       1.928731363917e+04 
       3.571840443502e-02       1.799404367798e+04 
       3.847720348444e-02       1.674687208676e+04 
       4.135335538431e-02       1.560462071689e+04 
       4.429361667738e-02       1.461039565486e+04 
       4.724366439141e-02       1.378057852434e+04 
       5.016480835311e-02       1.310506524403e+04 
       5.303989620246e-02       1.255716021234e+04 
       5.586870669566e-02       1.210426567742e+04 
       5.866042680613e-02       1.171466115236e+04 
       6.142798932958e-02       1.136047305877e+04 
       6.418496440164e-02       1.101856991480e+04 
       6.694418833788e-02       1.067070820751e+04 
       6.971731106057e-02       1.030359022058e+04 
       7.251476155766e-02       9.909004945516e+03 
       7.534587671527e-02       9.483779484456e+03 
       7.821907666265e-02       9.029497807831e+03 
       8.114203772912e-02       8.552324822032e+03 
       8.412184535029e-02       8.061939024803e+03 
       8.716512279304e-02       7.570789645421e+03 
       9.027813695930e-02       7.092499565071e+03 
       9.346688431697e-02       6.640522607781e+03 
       9.673716028276e-02       6.226715020106e+03 
       1.000946150830e-01       5.859921306294e+03 
       1.035447986537e-01       5.545234033859e+03 
       1.070931966762e-01       5.283121398852e+03 
       1.107452594425e-01       5.069417067150e+03 
       1.145064249153e-01       4.895253259826e+03 
       1.183821370918e-01       4.747843418499e+03 
       1.223778605862e-01       4.611742593369e+03 
       1.264990921987e-01       4.470614978203e+03 
       1.307513701367e-01       4.310275643786e+03 
       1.351402814784e-01       4.121386607631e+03 
       1.396714684203e-01       3.902056330094e+03 
       1.443506338194e-01       3.658644265588e+03 
       1.491835465229e-01       3.404485084000e+03 
       1.541760469708e-01       3.156675824997e+03 
       1.593340535561e-01       2.931979824898e+03 
       1.646635702297e-01       2.742375632805e+03 
       1.701706958456e-01       2.592261088756e+03 
       1.758616357459e-01       2.477243966033e+03 
       1.817427160982e-01       2.385185446060e+03 
       1.878204015065e-01       2.300362875299e+03 
       1.941013164283e-01       2.205760868978e+03 
       2.005922709503e-01       2.090815668631e+03 
       2.073002914972e-01       1.956464742849e+03 
       2.142326570816e-01       1.814194688974e+03 
       2.213969417533e-01       1.679299930062e+03 
       2.288010639706e-01       1.563847852685e+03 
       2.364533437147e-01       1.472686504864e+03 
       2.443625682930e-01       1.401512178978e+03 
       2.525380679504e-01       1.338412682530e+03 
       2.609898026346e-01       1.270902955004e+03 
       2.697284615565e-01       1.193382056864e+03 
       2.787655775689e-01       1.109340888917e+03 
       2.881136588829e-01       1.028772967491e+03 
       2.977863412677e-01       9.604840579255e+02 
       3.077985646929e-01       9.050246661740e+02 
       3.181667794071e-01       8.561460833552e+02 
       3.289091877812e-01       8.061883649160e+02 
       3.400460299658e-01       7.523930461080e+02 
       3.515999236474e-01       6.989254229107e+02 
       3.635962711085e-01       6.510624806092e+02 
       3.760637506334e-01       6.101213896405e+02 
       3.890349143879e-01       5.721331859171e+02 
       4.025469216825e-01       5.337832774163e+02 
       4.166424456376e-01       4.956307829111e+02 
       4.313708035863e-01       4.604696304956e+02 
       4.467893782977e-01       4.287765732677e+02 
       4.629654199664e-01       3.987731973876e+02 
       4.799783501994e-01       3.692418524040e+02 
       4.979227319373e-01       3.412408652013e+02 
       5.169121270864e-01       3.154835895719e+02 
       5.370841404489e-01       2.908357507910e+02 
       5.586070464571e-01       2.671074888663e+02 
       5.816885094930e-01       2.448099526636e+02 
       6.065870144995e-01       2.235676198981e+02 
       6.336266468475e-01       2.032101015708e+02 
       6.632156059511e-01       1.838783230852e+02 
       6.958678639263e-01       1.653554425225e+02 
       7.322247985589e-01       1.476961053330e+02 
       7.730680195114e-01       1.308339679038e+02 
       8.193049553677e-01       1.148317307857e+02 
       8.718988016039e-01       9.976258718625e+01 
       9.317218031082e-01       8.577822638408e+01 
       9.993660908989e-01       7.305510788886e+01 
       1.075037110174e+00       6.173623683950e+01 
       1.158653485707e+00       5.187919053597e+01 
       1.250099157308e+00       4.344018878650e+01 
       1.349432401273e+00       3.628941872714e+01 
       1.456947457397e+00       3.026798034743e+01 
       1.573135111331e+00       2.521450366869e+01 
       1.698621895592e+00       2.098204869805e+01 
       1.834127512934e+00       1.744234533936e+01 
       1.980444934528e+00       1.448564703588e+01 
       2.138435191726e+00       1.201887281222e+01 
       2.309029199186e+00       9.963155281325e+00 
       2.493232377687e+00       8.251840635598e+00 
       2.692130395285e+00       6.828603400130e+00 
       2.906895534573e+00       5.646256044702e+00 
       3.138793597714e+00       4.664901858220e+00 
       3.389191366484e+00       3.851111546511e+00 
       3.659564657905e+00       3.176938041275e+00 
       3.951507022538e+00       2.618888543469e+00 
       4.266739136701e+00       2.157341296655e+00 
       4.607118943941e+00       1.775926391704e+00 
       4.974652605557e+00       1.460991748667e+00 
       5.371506324689e+00       1.201130988349e+00 
       5.800019113685e+00       9.868799104464e-01 
       6.262716579983e+00       8.103474080271e-01 
       6.762325811764e+00       6.650082134109e-01 
       7.301791451110e+00       5.454245559010e-01 
       7.884293049406e+00       4.470938831484e-01 
       8.513263807261e+00       3.662965839603e-01 
       9.192410809424e+00       2.999404803317e-01 
       9.925736873929e+00       2.454804292899e-01 
       1.071756414427e+01       2.008072996849e-01 
       1.157255956364e+01       1.641853923376e-01 
       1.249576238137e+01       1.341766027414e-01 
       1.349261385375e+01       1.096023419626e-01 
       1.456898931416e+01       8.948829775299e-02 
       1.573123280165e+01       7.303308502879e-02 
       1.698619445202e+01       5.957801770430e-02 
       1.834127087176e+01       4.858061636692e-02 
       1.980444873285e+01       3.959653728410e-02 
       2.138435184532e+01       3.226055359292e-02 
       2.309029198506e+01       2.627301209409e-02 
       2.493232377636e+01       2.138798122389e-02 
       2.692130395282e+01       1.740443542623e-02 
       2.906895534573e+01       1.415697195303e-02 
       3.138793597714e+01       1.151081652081e-02 
       3.389191366484e+01       9.355536284710e-03 
       3.659564657905e+01       7.600589845534e-03 
       3.951507022538e+01       6.172535642535e-03 
       4.266739136701e+01       5.010510314986e-03 
       4.607118943941e+01       4.065532990647e-03 
       4.974652605557e+01       3.297250157723e-03 
       5.371506324689e+01       2.672908697766e-03 
       5.800019113685e+01       2.165771936874e-03 
       6.262716579983e+01       1.753888010299e-03 
       6.762325811764e+01       1.419573846969e-03 
