# Matter power spectrum P(k) at redshift z=99
# for k=1.04775e-05 to 134.926 h/Mpc,
# number of wavenumbers equal to 255
#    1:k (h/Mpc)              2:P (Mpc/h)^3        
       1.047750691338e-05       7.261927095214e-03 
       1.131335172818e-05       7.820332150679e-03 
       1.221587619877e-05       8.421675382248e-03 
       1.319039970550e-05       9.069257737915e-03 
       1.424266598317e-05       9.766636451030e-03 
       1.537887697396e-05       1.051763973631e-02 
       1.660572938097e-05       1.132639250741e-02 
       1.793045413791e-05       1.219733201497e-02 
       1.936085902737e-05       1.313524187190e-02 
       2.090537469909e-05       1.414527084964e-02 
       2.257310435923e-05       1.523296544478e-02 
       2.437387742372e-05       1.640429654626e-02 
       2.631830745176e-05       1.766569603271e-02 
       2.841785470091e-05       1.902408711146e-02 
       3.068489367268e-05       2.048692967427e-02 
       3.313278604643e-05       2.206225467531e-02 
       3.577595943165e-05       2.375870883833e-02 
       3.862999240274e-05       2.558560669802e-02 
       4.171170631739e-05       2.755297672486e-02 
       4.503926445983e-05       2.967161933390e-02 
       4.863227909323e-05       3.195316455631e-02 
       5.251192705226e-05       3.441013466108e-02 
       5.670107455699e-05       3.705601741673e-02 
       6.122441198393e-05       3.990533412805e-02 
       6.610859938837e-05       4.297372242497e-02 
       7.138242363583e-05       4.627802054814e-02 
       7.707696806873e-05       4.983636159848e-02 
       8.322579570814e-05       5.366826786891e-02 
       8.986514707061e-05       5.779476319688e-02 
       9.703415376577e-05       6.223848221787e-02 
       1.047750691338e-04       6.702379824969e-02 
       1.131335172818e-04       7.217695031024e-02 
       1.221587619877e-04       7.772619030302e-02 
       1.319039970550e-04       8.370193379977e-02 
       1.424266598317e-04       9.013692506600e-02 
       1.537887697396e-04       9.706641130327e-02 
       1.660572938097e-04       1.045283343103e-01 
       1.793045413791e-04       1.125635329177e-01 
       1.936085902737e-04       1.212159592301e-01 
       2.090537469909e-04       1.305329107427e-01 
       2.257310435923e-04       1.405652819351e-01 
       2.437387742372e-04       1.513678275066e-01 
       2.631830745176e-04       1.629994475123e-01 
       2.841785470091e-04       1.755234890468e-01 
       3.068489367268e-04       1.890080645289e-01 
       3.313278604643e-04       2.035263977421e-01 
       3.577595943165e-04       2.191571778033e-01 
       3.862999240274e-04       2.359849423249e-01 
       4.171170631739e-04       2.541004712990e-01 
       4.503926445983e-04       2.736012061147e-01 
       4.863227909323e-04       2.945916774630e-01 
       5.251192705226e-04       3.171839507850e-01 
       5.670107455699e-04       3.414980769094e-01 
       6.122441198393e-04       3.676625416287e-01 
       6.610859938837e-04       3.958147272850e-01 
       7.138242363583e-04       4.261013332050e-01 
       7.707696806873e-04       4.586787880835e-01 
       8.322579570814e-04       4.937136112807e-01 
       8.986514707061e-04       5.313826962063e-01 
       9.703415376577e-04       5.718735176791e-01 
       1.047750691338e-03       6.153841926238e-01 
       1.131335172818e-03       6.621233623112e-01 
       1.221587619877e-03       7.123098743645e-01 
       1.319039970550e-03       7.661721263781e-01 
       1.424266598317e-03       8.239547181300e-01 
       1.537887697396e-03       8.859012282819e-01 
       1.660572938097e-03       9.522589495761e-01 
       1.793045413791e-03       1.023280284738e+00 
       1.936085902737e-03       1.099216542130e+00 
       2.090537469909e-03       1.180313285064e+00 
       2.257310435923e-03       1.266804486841e+00 
       2.437387742372e-03       1.358905328501e+00 
       2.631830745176e-03       1.456803285994e+00 
       2.841785470091e-03       1.560647663089e+00 
       3.068489367268e-03       1.670537010638e+00 
       3.313278604643e-03       1.786505039712e+00 
       3.577595943165e-03       1.908504410205e+00 
       3.862999240274e-03       2.036389468861e+00 
       4.171170631739e-03       2.169898252924e+00 
       4.503926445983e-03       2.308634492114e+00 
       4.863227909323e-03       2.452050674946e+00 
       5.251192705226e-03       2.599434681336e+00 
       5.670107455699e-03       2.749901126707e+00 
       6.122441198393e-03       2.902390058620e+00 
       6.610859938837e-03       3.055671270184e+00 
       7.138242363583e-03       3.208360123286e+00 
       7.707696806873e-03       3.358926651913e+00 
       8.322579570814e-03       3.505726890568e+00 
       8.986514707061e-03       3.647012438764e+00 
       9.703415376577e-03       3.780926180542e+00 
       1.047750691338e-02       3.905492882265e+00 
       1.131335172818e-02       4.018589828121e+00 
       1.221587619877e-02       4.117902891512e+00 
       1.319039970550e-02       4.200917703937e+00 
       1.424266598317e-02       4.264943743594e+00 
       1.537887697392e-02       4.307219675699e+00 
       1.660572938023e-02       4.325062465583e+00 
       1.793045412706e-02       4.316060401911e+00 
       1.936085890181e-02       4.278228944171e+00 
       2.090537352463e-02       4.210204487585e+00 
       2.257309535333e-02       4.111418765151e+00 
       2.437382002918e-02       3.982420955616e+00 
       2.631799944462e-02       3.825168706510e+00 
       2.841644545389e-02       3.643282269154e+00 
       3.067933355377e-02       3.442198730908e+00 
       3.311368470740e-02       3.229241627619e+00 
       3.571840443502e-02       3.013516366963e+00 
       3.847720348444e-02       2.805283982317e+00 
       4.135335538431e-02       2.614410713651e+00 
       4.429361667738e-02       2.448132240705e+00 
       4.724366439141e-02       2.309240721541e+00 
       5.016480835311e-02       2.196115255400e+00 
       5.303989620246e-02       2.104369799469e+00 
       5.586870669566e-02       2.028462549679e+00 
       5.866042680613e-02       1.963155285734e+00 
       6.142798932958e-02       1.903779704832e+00 
       6.418496440164e-02       1.846479229171e+00 
       6.694418833788e-02       1.788197517572e+00 
       6.971731106057e-02       1.726715741408e+00 
       7.251476155766e-02       1.660654484497e+00 
       7.534587671527e-02       1.589470684316e+00 
       7.821907666265e-02       1.513437528937e+00 
       8.114203772912e-02       1.433569746164e+00 
       8.412184535029e-02       1.351493181543e+00 
       8.716512279304e-02       1.269273974158e+00 
       9.027813695930e-02       1.189193477429e+00 
       9.346688431697e-02       1.113501493139e+00 
       9.673716028276e-02       1.044174839746e+00 
       1.000946150830e-01       9.827063919022e-01 
       1.035447986537e-01       9.299363491422e-01 
       1.070931966762e-01       8.859590053102e-01 
       1.107452594425e-01       8.500716433795e-01 
       1.145064249153e-01       8.208039016890e-01 
       1.183821370918e-01       7.960247904930e-01 
       1.223778605862e-01       7.731461610044e-01 
       1.264990921987e-01       7.494524453638e-01 
       1.307513701367e-01       7.225575588318e-01 
       1.351402814784e-01       6.909089233864e-01 
       1.396714684203e-01       6.541812032468e-01 
       1.443506338194e-01       6.134267711397e-01 
       1.491835465229e-01       5.708679714724e-01 
       1.541760469708e-01       5.293634843540e-01 
       1.593340535561e-01       4.917112265486e-01 
       1.646635702297e-01       4.599201505842e-01 
       1.701706958456e-01       4.347281966880e-01 
       1.758616357459e-01       4.154084677908e-01 
       1.817427160982e-01       3.999372078163e-01 
       1.878204015065e-01       3.856827193167e-01 
       1.941013164283e-01       3.698093975226e-01 
       2.005922709503e-01       3.505464773421e-01 
       2.073002914972e-01       3.280431308875e-01 
       2.142326570816e-01       3.042135852473e-01 
       2.213969417533e-01       2.816125098422e-01 
       2.288010639706e-01       2.622572116412e-01 
       2.364533437147e-01       2.469621097699e-01 
       2.443625682930e-01       2.350130106941e-01 
       2.525380679504e-01       2.244178564209e-01 
       2.609898026346e-01       2.130938587334e-01 
       2.697284615565e-01       2.001019234764e-01 
       2.787655775689e-01       1.860199957838e-01 
       2.881136588829e-01       1.725173114450e-01 
       2.977863412677e-01       1.610661387558e-01 
       3.077985646929e-01       1.517607739457e-01 
       3.181667794071e-01       1.435592662882e-01 
       3.289091877812e-01       1.351815041208e-01 
       3.400460299658e-01       1.261643856032e-01 
       3.515999236474e-01       1.172020221814e-01 
       3.635962711085e-01       1.091769633177e-01 
       3.760637506334e-01       1.023095172320e-01 
       3.890349143879e-01       9.593768983533e-02 
       4.025469216825e-01       8.950771158747e-02 
       4.166424456376e-01       8.311181995503e-02 
       4.313708035863e-01       7.721548721705e-02 
       4.467893782977e-01       7.190060302185e-02 
       4.629654199664e-01       6.686902045049e-02 
       4.799783501994e-01       6.191751208825e-02 
       4.979227319373e-01       5.722220022651e-02 
       5.169121270864e-01       5.290284655172e-02 
       5.370841404489e-01       4.876974869865e-02 
       5.586070464571e-01       4.479069640084e-02 
       5.816885094930e-01       4.105187178561e-02 
       6.065870144995e-01       3.748989681670e-02 
       6.336266468475e-01       3.407618371257e-02 
       6.632156059511e-01       3.083451070366e-02 
       6.958678639263e-01       2.772834456558e-02 
       7.322247985589e-01       2.476712312274e-02 
       7.730680195114e-01       2.193959262597e-02 
       8.193049553677e-01       1.925613661138e-02 
       8.718988016039e-01       1.672930429162e-02 
       9.317218031082e-01       1.438417135971e-02 
       9.993660908989e-01       1.225065749617e-02 
       1.075037110174e+00       1.035259092150e-02 
       1.158653485707e+00       8.699668393138e-03 
       1.250099157308e+00       7.284577278570e-03 
       1.349432401273e+00       6.085449781875e-03 
       1.456947457397e+00       5.075725270528e-03 
       1.573135111331e+00       4.228297398329e-03 
       1.698621895592e+00       3.518537922420e-03 
       1.834127512934e+00       2.924973263655e-03 
       1.980444934528e+00       2.429156184680e-03 
       2.138435191726e+00       2.015503566824e-03 
       2.309029199186e+00       1.670770187582e-03 
       2.493232377687e+00       1.383787293361e-03 
       2.692130395285e+00       1.145127653378e-03 
       2.906895534573e+00       9.468534348712e-04 
       3.138793597714e+00       7.822862788104e-04 
       3.389191366484e+00       6.458195124038e-04 
       3.659564657905e+00       5.327667904979e-04 
       3.951507022538e+00       4.391818622871e-04 
       4.266739136701e+00       3.617899709040e-04 
       4.607118943941e+00       2.978273241290e-04 
       4.974652605557e+00       2.450129914549e-04 
       5.371506324689e+00       2.014370554576e-04 
       5.800019113685e+00       1.655060897982e-04 
       6.262716579983e+00       1.359033267438e-04 
       6.762325811764e+00       1.115297169894e-04 
       7.301791451110e+00       9.147546003237e-05 
       7.884293049406e+00       7.498591268942e-05 
       8.513263807261e+00       6.143585765127e-05 
       9.192410809424e+00       5.030794241807e-05 
       9.925736873929e+00       4.117501456046e-05 
       1.071756414427e+01       3.368318611781e-05 
       1.157255956364e+01       2.754143807129e-05 
       1.249576238137e+01       2.250871294282e-05 
       1.349261385375e+01       1.838736033583e-05 
       1.456898931416e+01       1.501400989224e-05 
       1.573123280165e+01       1.225425462263e-05 
       1.698619445202e+01       9.997509214997e-06 
       1.834127087176e+01       8.153059469542e-06 
       1.980444873285e+01       6.646087354413e-06 
       2.138435184532e+01       5.415576967795e-06 
       2.309029198506e+01       4.411228100354e-06 
       2.493232377636e+01       3.591730532989e-06 
       2.692130395282e+01       2.923425194128e-06 
       2.906895534573e+01       2.378585606922e-06 
       3.138793597714e+01       1.934613622074e-06 
       3.389191366484e+01       1.572948014585e-06 
       3.659564657905e+01       1.278456526689e-06 
       3.951507022538e+01       1.038743695091e-06 
       4.266739136701e+01       8.436892351733e-07 
       4.607118943941e+01       6.850138083241e-07 
       4.974652605557e+01       5.560061486097e-07 
       5.371506324689e+01       4.511347763034e-07 
       5.800019113685e+01       3.659166101793e-07 
       6.262716579983e+01       2.966822211457e-07 
       6.762325811764e+01       2.404706882025e-07 
       7.301791451110e+01       1.948285646345e-07 
       7.884293049406e+01       1.577870474089e-07 
       8.513263807261e+01       1.277318091609e-07 
       9.192410809424e+01       1.033530868632e-07 
       9.925736873929e+01       8.358439036303e-08 
       1.071756414427e+02       6.755896096845e-08 
       1.157255956364e+02       5.456976694255e-08 
       1.249576238137e+02       4.404696437668e-08 
       1.349261385375e+02       3.552190276701e-08 
