# Matter power spectrum P(k) at redshift z=0
# for k=1.04775e-05 to 67.6233 h/Mpc,
# number of wavenumbers equal to 246
#    1:k (h/Mpc)              2:P (Mpc/h)^3        
       1.047750691338e-05       5.020964806750e+01 
       1.131335172818e-05       5.407048206553e+01 
       1.221587619877e-05       5.822819064051e+01 
       1.319039970550e-05       6.270562589677e+01 
       1.424266598317e-05       6.752731788102e+01 
       1.537887697396e-05       7.271977200258e+01 
       1.660572938097e-05       7.831147241542e+01 
       1.793045413791e-05       8.433311815128e+01 
       1.936085902737e-05       9.081778242446e+01 
       2.090537469909e-05       9.780108061340e+01 
       2.257310435923e-05       1.053213197032e+02 
       2.437387742372e-05       1.134197377001e+02 
       2.631830745176e-05       1.221408202816e+02 
       2.841785470091e-05       1.315324720916e+02 
       3.068489367268e-05       1.416462093729e+02 
       3.313278604643e-05       1.525374500691e+02 
       3.577595943165e-05       1.642660687078e+02 
       3.862999240274e-05       1.768963504868e+02 
       4.171170631739e-05       1.904975992460e+02 
       4.503926445983e-05       2.051444490305e+02 
       4.863227909323e-05       2.209171463752e+02 
       5.251192705226e-05       2.379022222314e+02 
       5.670107455699e-05       2.561927925724e+02 
       6.122441198393e-05       2.758890441791e+02 
       6.610859938837e-05       2.970989225467e+02 
       7.138242363583e-05       3.199385558200e+02 
       7.707696806873e-05       3.445329780878e+02 
       8.322579570814e-05       3.710167315928e+02 
       8.986514707061e-05       3.995346440954e+02 
       9.703415376577e-05       4.302425403884e+02 
       1.047750691338e-04       4.633080762974e+02 
       1.131335172818e-04       4.989116267507e+02 
       1.221587619877e-04       5.372471946561e+02 
       1.319039970550e-04       5.785234124635e+02 
       1.424266598317e-04       6.229645930980e+02 
       1.537887697396e-04       6.708118484951e+02 
       1.660572938097e-04       7.223242660220e+02 
       1.793045413791e-04       7.777801554337e+02 
       1.936085902737e-04       8.374783607334e+02 
       2.090537469909e-04       9.017396264495e+02 
       2.257310435923e-04       9.709080260152e+02 
       2.437387742372e-04       1.045352448644e+03 
       2.631830745176e-04       1.125468122836e+03 
       2.841785470091e-04       1.211678179511e+03 
       3.068489367268e-04       1.304435249091e+03 
       3.313278604643e-04       1.404223052541e+03 
       3.577595943165e-04       1.511558013390e+03 
       3.862999240274e-04       1.626990836517e+03 
       4.171170631739e-04       1.751108027370e+03 
       4.503926445983e-04       1.884533381345e+03 
       4.863227909323e-04       2.027929376471e+03 
       5.251192705226e-04       2.181998446367e+03 
       5.670107455699e-04       2.347484100857e+03 
       6.122441198393e-04       2.525171869335e+03 
       6.610859938837e-04       2.715889981401e+03 
       7.138242363583e-04       2.920509686088e+03 
       7.707696806873e-04       3.139945097711e+03 
       8.322579570814e-04       3.375152334396e+03 
       8.986514707061e-04       3.627127828231e+03 
       9.703415376577e-04       3.896905450016e+03 
       1.047750691338e-03       4.185552170959e+03 
       1.131335172818e-03       4.494162426791e+03 
       1.221587619877e-03       4.823850702662e+03 
       1.319039970550e-03       5.175742731933e+03 
       1.424266598317e-03       5.551019592518e+03 
       1.537887697396e-03       5.950788335877e+03 
       1.660572938097e-03       6.376123046805e+03 
       1.793045413791e-03       6.828073896115e+03 
       1.936085902737e-03       7.307625375387e+03 
       2.090537469909e-03       7.815671862370e+03 
       2.257310435923e-03       8.352990369405e+03 
       2.437387742372e-03       8.920211057556e+03 
       2.631830745176e-03       9.517783061890e+03 
       2.841785470091e-03       1.014593703671e+04 
       3.068489367268e-03       1.080464505746e+04 
       3.313278604643e-03       1.149357459544e+04 
       3.577595943165e-03       1.221203620826e+04 
       3.862999240274e-03       1.295892538505e+04 
       4.171170631739e-03       1.373266002114e+04 
       4.503926445983e-03       1.453111834595e+04 
       4.863227909323e-03       1.535154984226e+04 
       5.251192705226e-03       1.619063613428e+04 
       5.670107455699e-03       1.704431256602e+04 
       6.122441198393e-03       1.790755938458e+04 
       6.610859938837e-03       1.877460424535e+04 
       7.138242363583e-03       1.963872429111e+04 
       7.707696806873e-03       2.049215713415e+04 
       8.322579570814e-03       2.132606791692e+04 
       8.986514707061e-03       2.213055116645e+04 
       9.703415376577e-03       2.289445470846e+04 
       1.047750691338e-02       2.360549308689e+04 
       1.131335172818e-02       2.425023399948e+04 
       1.221587619877e-02       2.481423921929e+04 
       1.319039970550e-02       2.528218595672e+04 
       1.424266598317e-02       2.563814373613e+04 
       1.537887697392e-02       2.586607393490e+04 
       1.660572938023e-02       2.595027234164e+04 
       1.793045412706e-02       2.587636010264e+04 
       1.936085890181e-02       2.563220812376e+04 
       2.090537352463e-02       2.520936425071e+04 
       2.257309535333e-02       2.460445973956e+04 
       2.437382002918e-02       2.382090128852e+04 
       2.631799944462e-02       2.287048802751e+04 
       2.841644545389e-02       2.177451063384e+04 
       3.067933355377e-02       2.056557285733e+04 
       3.311368470740e-02       1.928730487838e+04 
       3.571840443502e-02       1.799402581391e+04 
       3.847720348444e-02       1.674685028318e+04 
       4.135335538431e-02       1.560454939903e+04 
       4.429361667738e-02       1.461041400013e+04 
       4.724366439141e-02       1.378051622648e+04 
       5.016480835311e-02       1.310509653933e+04 
       5.303989620246e-02       1.255712253498e+04 
       5.586870669566e-02       1.210426971946e+04 
       5.866042680613e-02       1.171465700015e+04 
       6.142798932958e-02       1.136044632011e+04 
       6.418496440164e-02       1.101858220276e+04 
       6.694418833788e-02       1.067068862247e+04 
       6.971731106057e-02       1.030356039858e+04 
       7.251476155766e-02       9.909020878257e+03 
       7.534587671527e-02       9.483777020832e+03 
       7.821907666265e-02       9.029509391933e+03 
       8.114203772912e-02       8.552330010337e+03 
       8.412184535029e-02       8.061933762127e+03 
       8.716512279304e-02       7.570762867613e+03 
       9.027813695930e-02       7.092511767718e+03 
       9.346688431697e-02       6.640513031021e+03 
       9.673716028276e-02       6.226712419814e+03 
       1.000946150830e-01       5.859942904680e+03 
       1.035447986537e-01       5.545242329085e+03 
       1.070931966762e-01       5.283143214282e+03 
       1.107452594425e-01       5.069417539601e+03 
       1.145064249153e-01       4.895240398533e+03 
       1.183821370918e-01       4.747873443513e+03 
       1.223778605862e-01       4.611747732374e+03 
       1.264990921987e-01       4.470623774085e+03 
       1.307513701367e-01       4.310274397278e+03 
       1.351402814784e-01       4.121384975857e+03 
       1.396714684203e-01       3.902051689329e+03 
       1.443506338194e-01       3.658640553412e+03 
       1.491835465229e-01       3.404491327072e+03 
       1.541760469708e-01       3.156671746272e+03 
       1.593340535561e-01       2.931983615312e+03 
       1.646635702297e-01       2.742378074632e+03 
       1.701706958456e-01       2.592253560383e+03 
       1.758616357459e-01       2.477248536964e+03 
       1.817427160982e-01       2.385185186466e+03 
       1.878204015065e-01       2.300362895514e+03 
       1.941013164283e-01       2.205756881254e+03 
       2.005922709503e-01       2.090814711671e+03 
       2.073002914972e-01       1.956465127666e+03 
       2.142326570816e-01       1.814194639077e+03 
       2.213969417533e-01       1.679292976205e+03 
       2.288010639706e-01       1.563849380921e+03 
       2.364533437147e-01       1.472687338180e+03 
       2.443625682930e-01       1.401512874325e+03 
       2.525380679504e-01       1.338415603802e+03 
       2.609898026346e-01       1.270902481265e+03 
       2.697284615565e-01       1.193382820042e+03 
       2.787655775689e-01       1.109339551261e+03 
       2.881136588829e-01       1.028768767719e+03 
       2.977863412677e-01       9.604865562474e+02 
       3.077985646929e-01       9.050236561456e+02 
       3.181667794071e-01       8.561445054867e+02 
       3.289091877812e-01       8.061880520899e+02 
       3.400460299658e-01       7.523929374316e+02 
       3.515999236474e-01       6.989249380856e+02 
       3.635962711085e-01       6.510634639926e+02 
       3.760637506334e-01       6.101229150034e+02 
       3.890349143879e-01       5.721318516260e+02 
       4.025469216825e-01       5.337831631137e+02 
       4.166424456376e-01       4.956320510917e+02 
       4.313708035863e-01       4.604695525666e+02 
       4.467893782977e-01       4.287771831430e+02 
       4.629654199664e-01       3.987721768974e+02 
       4.799783501994e-01       3.692418527689e+02 
       4.979227319373e-01       3.412402913353e+02 
       5.169121270864e-01       3.154834986264e+02 
       5.370841404489e-01       2.908361474977e+02 
       5.586070464571e-01       2.671065266016e+02 
       5.816885094930e-01       2.448087638506e+02 
       6.065870144995e-01       2.235678311362e+02 
       6.336266468475e-01       2.032109665268e+02 
       6.632156059511e-01       1.838792805232e+02 
       6.958678639263e-01       1.653541505690e+02 
       7.322247985589e-01       1.476954308650e+02 
       7.730680195114e-01       1.308335885077e+02 
       8.193049553677e-01       1.148312894823e+02 
       8.718988016039e-01       9.976242105799e+01 
       9.317218031082e-01       8.577839517532e+01 
       9.993660908989e-01       7.305492753571e+01 
       1.075037110174e+00       6.173572516943e+01 
       1.158653485707e+00       5.187905111963e+01 
       1.250099157308e+00       4.344020722892e+01 
       1.349432401273e+00       3.628929452093e+01 
       1.456947457397e+00       3.026801765375e+01 
       1.573135111331e+00       2.521454498056e+01 
       1.698621895592e+00       2.098209978239e+01 
       1.834127512934e+00       1.744234024457e+01 
       1.980444934528e+00       1.448562628249e+01 
       2.138435191726e+00       1.201896644619e+01 
       2.309029199186e+00       9.963253264133e+00 
       2.493232377687e+00       8.251791571177e+00 
       2.692130395285e+00       6.828636764759e+00 
       2.906895534573e+00       5.646264223706e+00 
       3.138793597714e+00       4.664884525267e+00 
       3.389191366484e+00       3.851111115193e+00 
       3.659564657905e+00       3.176952562132e+00 
       3.951507022538e+00       2.618865046957e+00 
       4.266739136701e+00       2.157329206548e+00 
       4.607118943941e+00       1.775928056820e+00 
       4.974652605557e+00       1.460976803712e+00 
       5.371506324689e+00       1.201113358093e+00 
       5.800019113685e+00       9.868645015632e-01 
       6.262716579983e+00       8.103341770702e-01 
       6.762325811764e+00       6.649901907453e-01 
       7.301791451110e+00       5.454046525937e-01 
       7.884293049406e+00       4.470649263100e-01 
       8.513263807261e+00       3.662666375823e-01 
       9.192410809424e+00       2.999070162119e-01 
       9.925736873929e+00       2.454462027895e-01 
       1.071756414427e+01       2.007687772568e-01 
       1.157255956364e+01       1.641441283126e-01 
       1.249576238137e+01       1.341335796789e-01 
       1.349261385375e+01       1.095548934357e-01 
       1.456898931416e+01       8.943739999510e-02 
       1.573123280165e+01       7.297938674363e-02 
       1.698619445202e+01       5.951965868594e-02 
       1.834127087176e+01       4.851874650606e-02 
       1.980444873285e+01       3.953089147310e-02 
       2.138435184532e+01       3.219057680164e-02 
       2.309029198506e+01       2.619887555349e-02 
       2.493232377636e+01       2.130957885437e-02 
       2.692130395282e+01       1.732136830774e-02 
       2.906895534573e+01       1.406924037767e-02 
       3.138793597714e+01       1.141831108076e-02 
       3.389191366484e+01       9.258209782682e-03 
       3.659564657905e+01       7.498370600433e-03 
       3.951507022538e+01       6.065101238325e-03 
       4.266739136701e+01       4.898074331173e-03 
       4.607118943941e+01       3.948101472914e-03 
       4.974652605557e+01       3.174898837621e-03 
       5.371506324689e+01       2.545795932258e-03 
       5.800019113685e+01       2.034042651912e-03 
       6.262716579983e+01       1.617964574775e-03 
       6.762325811764e+01       1.279905417398e-03 
