# Matter power spectrum P(k) at redshift z=99
# for k=1.04775e-05 to 134.926 h/Mpc,
# number of wavenumbers equal to 255
#    1:k (h/Mpc)              2:P (Mpc/h)^3        
       1.047750691338e-05       7.261927095277e-03 
       1.131335172818e-05       7.820332150747e-03 
       1.221587619877e-05       8.421675382321e-03 
       1.319039970550e-05       9.069257737993e-03 
       1.424266598317e-05       9.766636451115e-03 
       1.537887697396e-05       1.051763973640e-02 
       1.660572938097e-05       1.132639250751e-02 
       1.793045413791e-05       1.219733201507e-02 
       1.936085902737e-05       1.313524187202e-02 
       2.090537469909e-05       1.414527084977e-02 
       2.257310435923e-05       1.523296544491e-02 
       2.437387742372e-05       1.640429654640e-02 
       2.631830745176e-05       1.766569603286e-02 
       2.841785470091e-05       1.902408711163e-02 
       3.068489367268e-05       2.048692967445e-02 
       3.313278604643e-05       2.206225467550e-02 
       3.577595943165e-05       2.375870883854e-02 
       3.862999240274e-05       2.558560669824e-02 
       4.171170631739e-05       2.755297672510e-02 
       4.503926445983e-05       2.967161933415e-02 
       4.863227909323e-05       3.195316455659e-02 
       5.251192705226e-05       3.441013466138e-02 
       5.670107455699e-05       3.705601741705e-02 
       6.122441198393e-05       3.990533412839e-02 
       6.610859938837e-05       4.297372242535e-02 
       7.138242363583e-05       4.627802054854e-02 
       7.707696806873e-05       4.983636159891e-02 
       8.322579570814e-05       5.366826786937e-02 
       8.986514707061e-05       5.779476319738e-02 
       9.703415376577e-05       6.223848221841e-02 
       1.047750691338e-04       6.702379825027e-02 
       1.131335172818e-04       7.217695031086e-02 
       1.221587619877e-04       7.772619030369e-02 
       1.319039970550e-04       8.370193380049e-02 
       1.424266598317e-04       9.013692506677e-02 
       1.537887697396e-04       9.706641130410e-02 
       1.660572938097e-04       1.045283343112e-01 
       1.793045413791e-04       1.125635329187e-01 
       1.936085902737e-04       1.212159592311e-01 
       2.090537469909e-04       1.305329107438e-01 
       2.257310435923e-04       1.405652819363e-01 
       2.437387742372e-04       1.513678275079e-01 
       2.631830745176e-04       1.629994475137e-01 
       2.841785470091e-04       1.755234890483e-01 
       3.068489367268e-04       1.890080645304e-01 
       3.313278604643e-04       2.035263977437e-01 
       3.577595943165e-04       2.191571778051e-01 
       3.862999240274e-04       2.359849423268e-01 
       4.171170631739e-04       2.541004713010e-01 
       4.503926445983e-04       2.736012061168e-01 
       4.863227909323e-04       2.945916774653e-01 
       5.251192705226e-04       3.171839507875e-01 
       5.670107455699e-04       3.414980769120e-01 
       6.122441198393e-04       3.676625416314e-01 
       6.610859938837e-04       3.958147272878e-01 
       7.138242363583e-04       4.261013332079e-01 
       7.707696806873e-04       4.586787880865e-01 
       8.322579570814e-04       4.937136112837e-01 
       8.986514707061e-04       5.313826962093e-01 
       9.703415376577e-04       5.718735176821e-01 
       1.047750691338e-03       6.153841926267e-01 
       1.131335172818e-03       6.621233623139e-01 
       1.221587619877e-03       7.123098743668e-01 
       1.319039970550e-03       7.661721263799e-01 
       1.424266598317e-03       8.239547181309e-01 
       1.537887697396e-03       8.859012282815e-01 
       1.660572938097e-03       9.522589495739e-01 
       1.793045413791e-03       1.023280284734e+00 
       1.936085902737e-03       1.099216542122e+00 
       2.090537469909e-03       1.180313285052e+00 
       2.257310435923e-03       1.266804486823e+00 
       2.437387742372e-03       1.358905328476e+00 
       2.631830745176e-03       1.456803285960e+00 
       2.841785470091e-03       1.560647663043e+00 
       3.068489367268e-03       1.670537010577e+00 
       3.313278604643e-03       1.786505039631e+00 
       3.577595943165e-03       1.908504410099e+00 
       3.862999240274e-03       2.036389468723e+00 
       4.171170631739e-03       2.169898252746e+00 
       4.503926445983e-03       2.308634491884e+00 
       4.863227909323e-03       2.452050674651e+00 
       5.251192705226e-03       2.599434680957e+00 
       5.670107455699e-03       2.749901126217e+00 
       6.122441198393e-03       2.902390057991e+00 
       6.610859938837e-03       3.055671247511e+00 
       7.138242363583e-03       3.208360181626e+00 
       7.707696806873e-03       3.358926686401e+00 
       8.322579570814e-03       3.505728079043e+00 
       8.986514707061e-03       3.647013113755e+00 
       9.703415376577e-03       3.780926153168e+00 
       1.047750691338e-02       3.905492878386e+00 
       1.131335172818e-02       4.018589838412e+00 
       1.221587619877e-02       4.117902881365e+00 
       1.319039970550e-02       4.200917694031e+00 
       1.424266598317e-02       4.264943728648e+00 
       1.537887697392e-02       4.307219653994e+00 
       1.660572938023e-02       4.325062387465e+00 
       1.793045412706e-02       4.316060284658e+00 
       1.936085890181e-02       4.278228773391e+00 
       2.090537352463e-02       4.210204376027e+00 
       2.257309535333e-02       4.111418521817e+00 
       2.437382002918e-02       3.982420634026e+00 
       2.631799944462e-02       3.825168199534e+00 
       2.841644545389e-02       3.643281549364e+00 
       3.067933355377e-02       3.442197616848e+00 
       3.311368470740e-02       3.229239932236e+00 
       3.571840443502e-02       3.013514069772e+00 
       3.847720348444e-02       2.805280789286e+00 
       4.135335538431e-02       2.614406557411e+00 
       4.429361667738e-02       2.448126635383e+00 
       4.724366439141e-02       2.309233675210e+00 
       5.016480835311e-02       2.196106665197e+00 
       5.303989620246e-02       2.104359678379e+00 
       5.586870669566e-02       2.028450656420e+00 
       5.866042680613e-02       1.963141501574e+00 
       6.142798932958e-02       1.903763897711e+00 
       6.418496440164e-02       1.846461254884e+00 
       6.694418833788e-02       1.788177360993e+00 
       6.971731106057e-02       1.726692981057e+00 
       7.251476155766e-02       1.660629089400e+00 
       7.534587671527e-02       1.589441770045e+00 
       7.821907666265e-02       1.513405696063e+00 
       8.114203772912e-02       1.433534954157e+00 
       8.412184535029e-02       1.351455503554e+00 
       8.716512279304e-02       1.269233987120e+00 
       9.027813695930e-02       1.189150188383e+00 
       9.346688431697e-02       1.113454976234e+00 
       9.673716028276e-02       1.044125034375e+00 
       1.000946150830e-01       9.826531442227e-01 
       1.035447986537e-01       9.298803974354e-01 
       1.070931966762e-01       8.858983074331e-01 
       1.107452594425e-01       8.500061190927e-01 
       1.145064249153e-01       8.207341792685e-01 
       1.183821370918e-01       7.959500736834e-01 
       1.223778605862e-01       7.730651822504e-01 
       1.264990921987e-01       7.493639654122e-01 
       1.307513701367e-01       7.224634850568e-01 
       1.351402814784e-01       6.908078552519e-01 
       1.396714684203e-01       6.540731361418e-01 
       1.443506338194e-01       6.133115907483e-01 
       1.491835465229e-01       5.707460456096e-01 
       1.541760469708e-01       5.292348585000e-01 
       1.593340535561e-01       4.915749102821e-01 
       1.646635702297e-01       4.597762482669e-01 
       1.701706958456e-01       4.345761080669e-01 
       1.758616357459e-01       4.152466547268e-01 
       1.817427160982e-01       3.997646188819e-01 
       1.878204015065e-01       3.854981578227e-01 
       1.941013164283e-01       3.696123285709e-01 
       2.005922709503e-01       3.503365415190e-01 
       2.073002914972e-01       3.278220585321e-01 
       2.142326570816e-01       3.039800256977e-01 
       2.213969417533e-01       2.813667505449e-01 
       2.288010639706e-01       2.619988240374e-01 
       2.364533437147e-01       2.466893808173e-01 
       2.443625682930e-01       2.347238008738e-01 
       2.525380679504e-01       2.241106158558e-01 
       2.609898026346e-01       2.127678287773e-01 
       2.697284615565e-01       1.997576069262e-01 
       2.787655775689e-01       1.856579432433e-01 
       2.881136588829e-01       1.721379221085e-01 
       2.977863412677e-01       1.606672723215e-01 
       3.077985646929e-01       1.513406786893e-01 
       3.181667794071e-01       1.431145927802e-01 
       3.289091877812e-01       1.347121554692e-01 
       3.400460299658e-01       1.256708523482e-01 
       3.515999236474e-01       1.166841846399e-01 
       3.635962711085e-01       1.086335006820e-01 
       3.760637506334e-01       1.017372649553e-01 
       3.890349143879e-01       9.533479038458e-02 
       4.025469216825e-01       8.887380080928e-02 
       4.166424456376e-01       8.244633939688e-02 
       4.313708035863e-01       7.651690726192e-02 
       4.467893782977e-01       7.116584521562e-02 
       4.629654199664e-01       6.609618596200e-02 
       4.799783501994e-01       6.110540693609e-02 
       4.979227319373e-01       5.636893457654e-02 
       5.169121270864e-01       5.200506472040e-02 
       5.370841404489e-01       4.782487538007e-02 
       5.586070464571e-01       4.379638940123e-02 
       5.816885094930e-01       4.000391970894e-02 
       6.065870144995e-01       3.638493175252e-02 
       6.336266468475e-01       3.290986265136e-02 
       6.632156059511e-01       2.960158451544e-02 
       6.958678639263e-01       2.642313671802e-02 
       7.322247985589e-01       2.338294321254e-02 
       7.730680195114e-01       2.046913519541e-02 
       8.193049553677e-01       1.769132513916e-02 
       8.718988016039e-01       1.506203652409e-02 
       9.317218031082e-01       1.260746805629e-02 
       9.993660908989e-01       1.036004556686e-02 
       1.075037110174e+00       8.348380304772e-03 
       1.158653485707e+00       6.588252227461e-03 
       1.250099157308e+00       5.078794114427e-03 
       1.349432401273e+00       3.805997229234e-03 
       1.456947457397e+00       2.750578679427e-03 
       1.573135111331e+00       1.893163195787e-03 
       1.698621895592e+00       1.216569972990e-03 
       1.834127512934e+00       7.055068899653e-04 
       1.980444934528e+00       3.457059894940e-04 
       2.138435191726e+00       1.219096869990e-04 
       2.309029199186e+00       1.603186139570e-05 
       2.493232377687e+00       5.669790576861e-06 
       2.692130395285e+00       6.317301646440e-05 
       2.906895534573e+00       1.564131285153e-04 
       3.138793597714e+00       2.517874884592e-04 
       3.389191366484e+00       3.185034213218e-04 
       3.659564657905e+00       3.354291711753e-04 
       3.951507022538e+00       2.968101010473e-04 
       4.266739136701e+00       2.155202614575e-04 
       4.607118943941e+00       1.191832263028e-04 
       4.974652605557e+00       4.054120745724e-05 
       5.371506324689e+00       2.694379138114e-06 
       5.800019113685e+00       6.643779757708e-06 
       6.262716579983e+00       3.147677024534e-05 
       6.762325811764e+00       4.832458193849e-05 
       7.301791451110e+00       4.150822788853e-05 
       7.884293049406e+00       1.918002679308e-05 
       8.513263807261e+00       2.265793098828e-06 
       9.192410809424e+00       1.368557387783e-06 
       9.925736873929e+00       7.472503722635e-06 
       1.071756414427e+01       7.358362157191e-06 
       1.157255956364e+01       2.063324195169e-06 
       1.249576238137e+01       4.273023217153e-08 
       1.349261385375e+01       1.406243863151e-06 
       1.456898931416e+01       1.118907555890e-06 
       1.573123280165e+01       4.136851886054e-08 
       1.698619445202e+01       2.251813045540e-07 
       1.834127087176e+01       2.045881007340e-07 
       1.980444873285e+01       8.046567830803e-10 
       2.138435184532e+01       5.535006731211e-08 
       2.309029198506e+01       6.104485092170e-09 
       2.493232377636e+01       8.147286695673e-09 
       2.692130395282e+01       7.856852661552e-13 
       2.906895534573e+01       3.826240487320e-09 
       3.138793597714e+01       4.077349448405e-09 
       3.389191366484e+01       6.522370304259e-11 
       3.659564657905e+01       4.982263599445e-09 
       3.951507022538e+01       1.444971032687e-08 
       4.266739136701e+01       1.167174131366e-12 
       4.607118943941e+01       1.499498841042e-08 
       4.974652605557e+01       1.995561179100e-09 
       5.371506324689e+01       8.922950364661e-10 
       5.800019113685e+01       2.100029775643e-09 
       6.262716579983e+01       2.524021596617e-08 
       6.762325811764e+01       8.021573490802e-09 
       7.301791451110e+01       4.007103779556e-08 
       7.884293049406e+01       7.661593057842e-10 
       8.513263807261e+01       1.952008247571e-09 
       9.192410809424e+01       2.711521991815e-07 
       9.925736873929e+01       6.670016431363e-09 
       1.071756414427e+02       1.078601847962e-07 
       1.157255956364e+02       9.052404008044e-08 
       1.249576238137e+02       2.041142420306e-08 
       1.349261385375e+02       1.165639478426e-08 
