# Matter power spectrum P(k) at redshift z=0
# for k=1.04775e-05 to 67.6233 h/Mpc,
# number of wavenumbers equal to 246
#    1:k (h/Mpc)              2:P (Mpc/h)^3        
       1.047750691338e-05       5.020964806748e+01 
       1.131335172818e-05       5.407048206553e+01 
       1.221587619877e-05       5.822819063632e+01 
       1.319039970550e-05       6.270562589682e+01 
       1.424266598317e-05       6.752731788102e+01 
       1.537887697396e-05       7.271977200258e+01 
       1.660572938097e-05       7.831147241542e+01 
       1.793045413791e-05       8.433311815128e+01 
       1.936085902737e-05       9.081778242446e+01 
       2.090537469909e-05       9.780108061340e+01 
       2.257310435923e-05       1.053213197032e+02 
       2.437387742372e-05       1.134197377001e+02 
       2.631830745176e-05       1.221408202816e+02 
       2.841785470091e-05       1.315324720916e+02 
       3.068489367268e-05       1.416462093730e+02 
       3.313278604643e-05       1.525374500691e+02 
       3.577595943165e-05       1.642660687078e+02 
       3.862999240274e-05       1.768963504868e+02 
       4.171170631739e-05       1.904975992460e+02 
       4.503926445983e-05       2.051444490305e+02 
       4.863227909323e-05       2.209171463752e+02 
       5.251192705226e-05       2.379022222314e+02 
       5.670107455699e-05       2.561927925498e+02 
       6.122441198393e-05       2.758890441791e+02 
       6.610859938837e-05       2.970989225465e+02 
       7.138242363583e-05       3.199385558200e+02 
       7.707696806873e-05       3.445329780878e+02 
       8.322579570814e-05       3.710167315928e+02 
       8.986514707061e-05       3.995346440954e+02 
       9.703415376577e-05       4.302425403884e+02 
       1.047750691338e-04       4.633080762974e+02 
       1.131335172818e-04       4.989116267507e+02 
       1.221587619877e-04       5.372471946561e+02 
       1.319039970550e-04       5.785234124632e+02 
       1.424266598317e-04       6.229645930980e+02 
       1.537887697396e-04       6.708118484951e+02 
       1.660572938097e-04       7.223242660220e+02 
       1.793045413791e-04       7.777801554468e+02 
       1.936085902737e-04       8.374783607334e+02 
       2.090537469909e-04       9.017396264495e+02 
       2.257310435923e-04       9.709080260152e+02 
       2.437387742372e-04       1.045352448644e+03 
       2.631830745176e-04       1.125468122836e+03 
       2.841785470091e-04       1.211678179511e+03 
       3.068489367268e-04       1.304435249091e+03 
       3.313278604643e-04       1.404223052541e+03 
       3.577595943165e-04       1.511558013390e+03 
       3.862999240274e-04       1.626990836483e+03 
       4.171170631739e-04       1.751108027371e+03 
       4.503926445983e-04       1.884533381345e+03 
       4.863227909323e-04       2.027929376470e+03 
       5.251192705226e-04       2.181998446367e+03 
       5.670107455699e-04       2.347484100857e+03 
       6.122441198393e-04       2.525171869334e+03 
       6.610859938837e-04       2.715889981401e+03 
       7.138242363583e-04       2.920509686090e+03 
       7.707696806873e-04       3.139945097710e+03 
       8.322579570814e-04       3.375152334394e+03 
       8.986514707061e-04       3.627127828231e+03 
       9.703415376577e-04       3.896905450016e+03 
       1.047750691338e-03       4.185552170958e+03 
       1.131335172818e-03       4.494162426791e+03 
       1.221587619877e-03       4.823850702668e+03 
       1.319039970550e-03       5.175742736465e+03 
       1.424266598317e-03       5.551019592514e+03 
       1.537887697396e-03       5.950788335874e+03 
       1.660572938097e-03       6.376123046804e+03 
       1.793045413791e-03       6.828073896118e+03 
       1.936085902737e-03       7.307625375386e+03 
       2.090537469909e-03       7.815671855267e+03 
       2.257310435923e-03       8.352990369400e+03 
       2.437387742372e-03       8.920211057521e+03 
       2.631830745176e-03       9.517783061890e+03 
       2.841785470091e-03       1.014593703671e+04 
       3.068489367268e-03       1.080464505726e+04 
       3.313278604643e-03       1.149357459447e+04 
       3.577595943165e-03       1.221203620826e+04 
       3.862999240274e-03       1.295892538505e+04 
       4.171170631739e-03       1.373266002344e+04 
       4.503926445983e-03       1.453111834595e+04 
       4.863227909323e-03       1.535154984223e+04 
       5.251192705226e-03       1.619063613412e+04 
       5.670107455699e-03       1.704431256591e+04 
       6.122441198393e-03       1.790755938463e+04 
       6.610859938837e-03       1.877460417575e+04 
       7.138242363583e-03       1.963872429142e+04 
       7.707696806873e-03       2.049215713233e+04 
       8.322579570814e-03       2.132607230802e+04 
       8.986514707061e-03       2.213055055978e+04 
       9.703415376577e-03       2.289445470977e+04 
       1.047750691338e-02       2.360548058108e+04 
       1.131335172818e-02       2.425023005707e+04 
       1.221587619877e-02       2.481423922478e+04 
       1.319039970550e-02       2.528218848436e+04 
       1.424266598317e-02       2.563813779447e+04 
       1.537887697392e-02       2.586607254704e+04 
       1.660572938023e-02       2.595028906955e+04 
       1.793045412706e-02       2.587633627004e+04 
       1.936085890181e-02       2.563218866536e+04 
       2.090537352463e-02       2.520935387525e+04 
       2.257309535333e-02       2.460446875017e+04 
       2.437382002918e-02       2.382083361657e+04 
       2.631799944462e-02       2.287044456894e+04 
       2.841644545389e-02       2.177451780853e+04 
       3.067933355377e-02       2.056554309614e+04 
       3.311368470740e-02       1.928732426930e+04 
       3.571840443502e-02       1.799399591503e+04 
       3.847720348444e-02       1.674687534301e+04 
       4.135335538431e-02       1.560460132417e+04 
       4.429361667738e-02       1.461041637239e+04 
       4.724366439141e-02       1.378052144501e+04 
       5.016480835311e-02       1.310507373133e+04 
       5.303989620246e-02       1.255714679065e+04 
       5.586870669566e-02       1.210426433531e+04 
       5.866042680613e-02       1.171466739786e+04 
       6.142798932958e-02       1.136045564012e+04 
       6.418496440164e-02       1.101855006793e+04 
       6.694418833788e-02       1.067070777906e+04 
       6.971731106057e-02       1.030357209345e+04 
       7.251476155766e-02       9.909004080872e+03 
       7.534587671527e-02       9.483738670427e+03 
       7.821907666265e-02       9.029503248580e+03 
       8.114203772912e-02       8.552334673849e+03 
       8.412184535029e-02       8.061907829919e+03 
       8.716512279304e-02       7.570772544366e+03 
       9.027813695930e-02       7.092465849550e+03 
       9.346688431697e-02       6.640515204623e+03 
       9.673716028276e-02       6.226691193385e+03 
       1.000946150830e-01       5.859961139390e+03 
       1.035447986537e-01       5.545244521818e+03 
       1.070931966762e-01       5.283136125899e+03 
       1.107452594425e-01       5.069422992725e+03 
       1.145064249153e-01       4.895256079062e+03 
       1.183821370918e-01       4.747843690514e+03 
       1.223778605862e-01       4.611735002139e+03 
       1.264990921987e-01       4.470643854527e+03 
       1.307513701367e-01       4.310258203898e+03 
       1.351402814784e-01       4.121384856205e+03 
       1.396714684203e-01       3.902048282599e+03 
       1.443506338194e-01       3.658652888408e+03 
       1.491835465229e-01       3.404479684219e+03 
       1.541760469708e-01       3.156674022664e+03 
       1.593340535561e-01       2.931966668317e+03 
       1.646635702297e-01       2.742370283013e+03 
       1.701706958456e-01       2.592261482563e+03 
       1.758616357459e-01       2.477240182244e+03 
       1.817427160982e-01       2.385182279452e+03 
       1.878204015065e-01       2.300359032434e+03 
       1.941013164283e-01       2.205754520644e+03 
       2.005922709503e-01       2.090820799455e+03 
       2.073002914972e-01       1.956462281486e+03 
       2.142326570816e-01       1.814193837456e+03 
       2.213969417533e-01       1.679299751349e+03 
       2.288010639706e-01       1.563847924617e+03 
       2.364533437147e-01       1.472682359936e+03 
       2.443625682930e-01       1.401516303181e+03 
       2.525380679504e-01       1.338415080825e+03 
       2.609898026346e-01       1.270905205766e+03 
       2.697284615565e-01       1.193385464852e+03 
       2.787655775689e-01       1.109345913018e+03 
       2.881136588829e-01       1.028767615517e+03 
       2.977863412677e-01       9.604829453992e+02 
       3.077985646929e-01       9.050214903825e+02 
       3.181667794071e-01       8.561427928475e+02 
       3.289091877812e-01       8.061866732835e+02 
       3.400460299658e-01       7.523916092579e+02 
       3.515999236474e-01       6.989224321390e+02 
       3.635962711085e-01       6.510648507380e+02 
       3.760637506334e-01       6.101217384359e+02 
       3.890349143879e-01       5.721305562207e+02 
       4.025469216825e-01       5.337824821238e+02 
       4.166424456376e-01       4.956310335838e+02 
       4.313708035863e-01       4.604693491875e+02 
       4.467893782977e-01       4.287760894802e+02 
       4.629654199664e-01       3.987727998033e+02 
       4.799783501994e-01       3.692416707513e+02 
       4.979227319373e-01       3.412399199319e+02 
       5.169121270864e-01       3.154819153323e+02 
       5.370841404489e-01       2.908354064572e+02 
       5.586070464571e-01       2.671052153613e+02 
       5.816885094930e-01       2.448093368363e+02 
       6.065870144995e-01       2.235671616822e+02 
       6.336266468475e-01       2.032091114587e+02 
       6.632156059511e-01       1.838784928735e+02 
       6.958678639263e-01       1.653539941983e+02 
       7.322247985589e-01       1.476958789928e+02 
       7.730680195114e-01       1.308334972328e+02 
       8.193049553677e-01       1.148315551083e+02 
       8.718988016039e-01       9.976200505792e+01 
       9.317218031082e-01       8.577833483522e+01 
       9.993660908989e-01       7.305476407453e+01 
       1.075037110174e+00       6.173595192739e+01 
       1.158653485707e+00       5.187904125045e+01 
       1.250099157308e+00       4.344013234882e+01 
       1.349432401273e+00       3.628935190140e+01 
       1.456947457397e+00       3.026786878789e+01 
       1.573135111331e+00       2.521465084947e+01 
       1.698621895592e+00       2.098201078007e+01 
       1.834127512934e+00       1.744220044635e+01 
       1.980444934528e+00       1.448564880373e+01 
       2.138435191726e+00       1.201888807357e+01 
       2.309029199186e+00       9.963115064767e+00 
       2.493232377687e+00       8.251843765489e+00 
       2.692130395285e+00       6.828549098063e+00 
       2.906895534573e+00       5.646226805858e+00 
       3.138793597714e+00       4.664869806838e+00 
       3.389191366484e+00       3.851114119318e+00 
       3.659564657905e+00       3.176932376529e+00 
       3.951507022538e+00       2.618871600075e+00 
       4.266739136701e+00       2.157341300140e+00 
       4.607118943941e+00       1.775925856208e+00 
       4.974652605557e+00       1.460985596199e+00 
       5.371506324689e+00       1.201120049002e+00 
       5.800019113685e+00       9.868776441195e-01 
       6.262716579983e+00       8.103485931502e-01 
       6.762325811764e+00       6.650106123428e-01 
       7.301791451110e+00       5.454236707744e-01 
       7.884293049406e+00       4.470950948265e-01 
       8.513263807261e+00       3.662957351243e-01 
       9.192410809424e+00       2.999397294418e-01 
       9.925736873929e+00       2.454773852333e-01 
       1.071756414427e+01       2.008056584032e-01 
       1.157255956364e+01       1.641825931251e-01 
       1.249576238137e+01       1.341759634143e-01 
       1.349261385375e+01       1.096012885123e-01 
       1.456898931416e+01       8.948770165486e-02 
       1.573123280165e+01       7.303175574178e-02 
       1.698619445202e+01       5.957577485879e-02 
       1.834127087176e+01       4.857906835442e-02 
       1.980444873285e+01       3.959518045568e-02 
       2.138435184532e+01       3.225942325340e-02 
       2.309029198506e+01       2.627178365662e-02 
       2.493232377636e+01       2.138709834038e-02 
       2.692130395282e+01       1.740325677295e-02 
       2.906895534573e+01       1.415607119996e-02 
       3.138793597714e+01       1.150990511855e-02 
       3.389191366484e+01       9.354709651140e-03 
       3.659564657905e+01       7.599937313926e-03 
       3.951507022538e+01       6.171831692875e-03 
       4.266739136701e+01       5.009877103367e-03 
       4.607118943941e+01       4.064997491109e-03 
       4.974652605557e+01       3.296835421180e-03 
       5.371506324689e+01       2.672594038646e-03 
       5.800019113685e+01       2.165497275549e-03 
       6.262716579983e+01       1.753708958194e-03 
       6.762325811764e+01       1.419450516416e-03 
