# Matter power spectrum P(k) at redshift z=99
# for k=1.04775e-05 to 67.6233 h/Mpc,
# number of wavenumbers equal to 246
#    1:k (h/Mpc)              2:P (Mpc/h)^3        
       1.047750691338e-05       7.261927673119e-03 
       1.131335172818e-05       7.820331745737e-03 
       1.221587619877e-05       8.421675986489e-03 
       1.319039970550e-05       9.069258192194e-03 
       1.424266598317e-05       9.766638404421e-03 
       1.537887697396e-05       1.051764069682e-02 
       1.660572938097e-05       1.132639105520e-02 
       1.793045413791e-05       1.219733231416e-02 
       1.936085902737e-05       1.313524224380e-02 
       2.090537469909e-05       1.414527121893e-02 
       2.257310435923e-05       1.523296272192e-02 
       2.437387742372e-05       1.640429444530e-02 
       2.631830745176e-05       1.766569582177e-02 
       2.841785470091e-05       1.902408601793e-02 
       3.068489367268e-05       2.048692970591e-02 
       3.313278604643e-05       2.206225513594e-02 
       3.577595943165e-05       2.375870704909e-02 
       3.862999240274e-05       2.558560727479e-02 
       4.171170631739e-05       2.755297763344e-02 
       4.503926445983e-05       2.967161927315e-02 
       4.863227909323e-05       3.195316450832e-02 
       5.251192705226e-05       3.441013519284e-02 
       5.670107455699e-05       3.705601722526e-02 
       6.122441198393e-05       3.990533413560e-02 
       6.610859938837e-05       4.297372168203e-02 
       7.138242363583e-05       4.627802141688e-02 
       7.707696806873e-05       4.983636194159e-02 
       8.322579570814e-05       5.366826847231e-02 
       8.986514707061e-05       5.779476394569e-02 
       9.703415376577e-05       6.223848243885e-02 
       1.047750691338e-04       6.702379865640e-02 
       1.131335172818e-04       7.217695153381e-02 
       1.221587619877e-04       7.772619073572e-02 
       1.319039970550e-04       8.370193432376e-02 
       1.424266598317e-04       9.013692507549e-02 
       1.537887697396e-04       9.706641242570e-02 
       1.660572938097e-04       1.045283354271e-01 
       1.793045413791e-04       1.125635349068e-01 
       1.936085902737e-04       1.212159614968e-01 
       2.090537469909e-04       1.305329132714e-01 
       2.257310435923e-04       1.405652846215e-01 
       2.437387742372e-04       1.513678302540e-01 
       2.631830745176e-04       1.629994504870e-01 
       2.841785470091e-04       1.755234921224e-01 
       3.068489367268e-04       1.890080670413e-01 
       3.313278604643e-04       2.035264002435e-01 
       3.577595943165e-04       2.191571803681e-01 
       3.862999240274e-04       2.359849437593e-01 
       4.171170631739e-04       2.541004741539e-01 
       4.503926445983e-04       2.736012080278e-01 
       4.863227909323e-04       2.945916790965e-01 
       5.251192705226e-04       3.171839525182e-01 
       5.670107455699e-04       3.414980764002e-01 
       6.122441198393e-04       3.676625413100e-01 
       6.610859938837e-04       3.958147252304e-01 
       7.138242363583e-04       4.261013284918e-01 
       7.707696806873e-04       4.586787792354e-01 
       8.322579570814e-04       4.937136001341e-01 
       8.986514707061e-04       5.313826801402e-01 
       9.703415376577e-04       5.718734972157e-01 
       1.047750691338e-03       6.153841629505e-01 
       1.131335172818e-03       6.621233239465e-01 
       1.221587619877e-03       7.123098220422e-01 
       1.319039970550e-03       7.661720584343e-01 
       1.424266598317e-03       8.239546297729e-01 
       1.537887697396e-03       8.859011173467e-01 
       1.660572938097e-03       9.522588006418e-01 
       1.793045413791e-03       1.023280099819e+00 
       1.936085902737e-03       1.099216304579e+00 
       2.090537469909e-03       1.180312990454e+00 
       2.257310435923e-03       1.266804115851e+00 
       2.437387742372e-03       1.358904853406e+00 
       2.631830745176e-03       1.456802683156e+00 
       2.841785470091e-03       1.560646890522e+00 
       3.068489367268e-03       1.670536062500e+00 
       3.313278604643e-03       1.786503852160e+00 
       3.577595943165e-03       1.908502930788e+00 
       3.862999240274e-03       2.036387730709e+00 
       4.171170631739e-03       2.169896178745e+00 
       4.503926445983e-03       2.308631878994e+00 
       4.863227909323e-03       2.452047290962e+00 
       5.251192705226e-03       2.599430628088e+00 
       5.670107455699e-03       2.749896931781e+00 
       6.122441198393e-03       2.902386513383e+00 
       6.610859938837e-03       3.055668707121e+00 
       7.138242363583e-03       3.208356461549e+00 
       7.707696806873e-03       3.358923892528e+00 
       8.322579570814e-03       3.505725595076e+00 
       8.986514707061e-03       3.647009250043e+00 
       9.703415376577e-03       3.780923304250e+00 
       1.047750691338e-02       3.905490718899e+00 
       1.131335172818e-02       4.018587641115e+00 
       1.221587619877e-02       4.117901586094e+00 
       1.319039970550e-02       4.200915337599e+00 
       1.424266598317e-02       4.264942472209e+00 
       1.537887697392e-02       4.307222169512e+00 
       1.660572938023e-02       4.325064857246e+00 
       1.793045412706e-02       4.316058542972e+00 
       1.936085890181e-02       4.278228320603e+00 
       2.090537352463e-02       4.210206652426e+00 
       2.257309535333e-02       4.111418052407e+00 
       2.437382002918e-02       3.982419210051e+00 
       2.631799944462e-02       3.825162382398e+00 
       2.841644545389e-02       3.643278419662e+00 
       3.067933355377e-02       3.442197818344e+00 
       3.311368470740e-02       3.229240250653e+00 
       3.571840443502e-02       3.013514930412e+00 
       3.847720348444e-02       2.805281777632e+00 
       4.135335538431e-02       2.614407536394e+00 
       4.429361667738e-02       2.448129633322e+00 
       4.724366439141e-02       2.309238197658e+00 
       5.016480835311e-02       2.196111060192e+00 
       5.303989620246e-02       2.104367414488e+00 
       5.586870669566e-02       2.028461370308e+00 
       5.866042680613e-02       1.963154414258e+00 
       6.142798932958e-02       1.903782700478e+00 
       6.418496440164e-02       1.846477470583e+00 
       6.694418833788e-02       1.788201280140e+00 
       6.971731106057e-02       1.726714567697e+00 
       7.251476155766e-02       1.660650666893e+00 
       7.534587671527e-02       1.589468395433e+00 
       7.821907666265e-02       1.513435356953e+00 
       8.114203772912e-02       1.433570905723e+00 
       8.412184535029e-02       1.351493201776e+00 
       8.716512279304e-02       1.269276112357e+00 
       9.027813695930e-02       1.189194794563e+00 
       9.346688431697e-02       1.113501584366e+00 
       9.673716028276e-02       1.044175461599e+00 
       1.000946150830e-01       9.827043252960e-01 
       1.035447986537e-01       9.299367111939e-01 
       1.070931966762e-01       8.859563944414e-01 
       1.107452594425e-01       8.500712890664e-01 
       1.145064249153e-01       8.208040031310e-01 
       1.183821370918e-01       7.960239948515e-01 
       1.223778605862e-01       7.731461582145e-01 
       1.264990921987e-01       7.494515184132e-01 
       1.307513701367e-01       7.225583524191e-01 
       1.351402814784e-01       6.909090039692e-01 
       1.396714684203e-01       6.541815329934e-01 
       1.443506338194e-01       6.134263684541e-01 
       1.491835465229e-01       5.708674096808e-01 
       1.541760469708e-01       5.293636113547e-01 
       1.593340535561e-01       4.917107095673e-01 
       1.646635702297e-01       4.599194352228e-01 
       1.701706958456e-01       4.347292147456e-01 
       1.758616357459e-01       4.154086582818e-01 
       1.817427160982e-01       3.999370146098e-01 
       1.878204015065e-01       3.856825710995e-01 
       1.941013164283e-01       3.698103529692e-01 
       2.005922709503e-01       3.505469048696e-01 
       2.073002914972e-01       3.280430691157e-01 
       2.142326570816e-01       3.042139934778e-01 
       2.213969417533e-01       2.816125447183e-01 
       2.288010639706e-01       2.622576607567e-01 
       2.364533437147e-01       2.469618374697e-01 
       2.443625682930e-01       2.350128472883e-01 
       2.525380679504e-01       2.244181031361e-01 
       2.609898026346e-01       2.130933928224e-01 
       2.697284615565e-01       2.001017612999e-01 
       2.787655775689e-01       1.860198709767e-01 
       2.881136588829e-01       1.725172888849e-01 
       2.977863412677e-01       1.610662561198e-01 
       3.077985646929e-01       1.517608451338e-01 
       3.181667794071e-01       1.435592403201e-01 
       3.289091877812e-01       1.351817540735e-01 
       3.400460299658e-01       1.261643457978e-01 
       3.515999236474e-01       1.172021295480e-01 
       3.635962711085e-01       1.091770425956e-01 
       3.760637506334e-01       1.023102710689e-01 
       3.890349143879e-01       9.593761290211e-02 
       4.025469216825e-01       8.950792522035e-02 
       4.166424456376e-01       8.311179307942e-02 
       4.313708035863e-01       7.721558843090e-02 
       4.467893782977e-01       7.190067629030e-02 
       4.629654199664e-01       6.686916591504e-02 
       4.799783501994e-01       6.191748035148e-02 
       4.979227319373e-01       5.722243664475e-02 
       5.169121270864e-01       5.290292380829e-02 
       5.370841404489e-01       4.876983914004e-02 
       5.586070464571e-01       4.479084189078e-02 
       5.816885094930e-01       4.105182744773e-02 
       6.065870144995e-01       3.749000618010e-02 
       6.336266468475e-01       3.407624157798e-02 
       6.632156059511e-01       3.083454265280e-02 
       6.958678639263e-01       2.772833227397e-02 
       7.322247985589e-01       2.476715690464e-02 
       7.730680195114e-01       2.193956504141e-02 
       8.193049553677e-01       1.925613384300e-02 
       8.718988016039e-01       1.672931991904e-02 
       9.317218031082e-01       1.438425358003e-02 
       9.993660908989e-01       1.225066513842e-02 
       1.075037110174e+00       1.035258298816e-02 
       1.158653485707e+00       8.699738810062e-03 
       1.250099157308e+00       7.284599412153e-03 
       1.349432401273e+00       6.085477927482e-03 
       1.456947457397e+00       5.075739646682e-03 
       1.573135111331e+00       4.228296195569e-03 
       1.698621895592e+00       3.518554912651e-03 
       1.834127512934e+00       2.924986537692e-03 
       1.980444934528e+00       2.429160212470e-03 
       2.138435191726e+00       2.015511245329e-03 
       2.309029199186e+00       1.670771342323e-03 
       2.493232377687e+00       1.383789607280e-03 
       2.692130395285e+00       1.145124795497e-03 
       2.906895534573e+00       9.468519026183e-04 
       3.138793597714e+00       7.822872131776e-04 
       3.389191366484e+00       6.458215904604e-04 
       3.659564657905e+00       5.327657427471e-04 
       3.951507022538e+00       4.391809172278e-04 
       4.266739136701e+00       3.617835640649e-04 
       4.607118943941e+00       2.978226396717e-04 
       4.974652605557e+00       2.450080648764e-04 
       5.371506324689e+00       2.014297849792e-04 
       5.800019113685e+00       1.654998119138e-04 
       6.262716579983e+00       1.358965545493e-04 
       6.762325811764e+00       1.115223693716e-04 
       7.301791451110e+00       9.146814668588e-05 
       7.884293049406e+00       7.497844701859e-05 
       8.513263807261e+00       6.142773362045e-05 
       9.192410809424e+00       5.029901128664e-05 
       9.925736873929e+00       4.116496629133e-05 
       1.071756414427e+01       3.367233702314e-05 
       1.157255956364e+01       2.752984011480e-05 
       1.249576238137e+01       2.249669348940e-05 
       1.349261385375e+01       1.837450172179e-05 
       1.456898931416e+01       1.500032321123e-05 
       1.573123280165e+01       1.223973226634e-05 
       1.698619445202e+01       9.981974070525e-06 
       1.834127087176e+01       8.136457750039e-06 
       1.980444873285e+01       6.628581679761e-06 
       2.138435184532e+01       5.397072531081e-06 
       2.309029198506e+01       4.391594297095e-06 
       2.493232377636e+01       3.571009325978e-06 
       2.692130395282e+01       2.901525883898e-06 
       2.906895534573e+01       2.355513873478e-06 
       3.138793597714e+01       1.910332126055e-06 
       3.389191366484e+01       1.547420462464e-06 
       3.659564657905e+01       1.251678066866e-06 
       3.951507022538e+01       1.010718246846e-06 
       4.266739136701e+01       8.144274030576e-07 
       4.607118943941e+01       6.545498868686e-07 
       4.974652605557e+01       5.243668312207e-07 
       5.371506324689e+01       4.183962710133e-07 
       5.800019113685e+01       3.321740477146e-07 
       6.262716579983e+01       2.620632360090e-07 
       6.762325811764e+01       2.051213932903e-07 
