# Matter power spectrum P(k) at redshift z=0
# for k=1.04775e-05 to 67.6233 h/Mpc,
# number of wavenumbers equal to 246
#    1:k (h/Mpc)              2:P (Mpc/h)^3        
       1.047750691338e-05       5.020964806749e+01 
       1.131335172818e-05       5.407048206554e+01 
       1.221587619877e-05       5.822819063662e+01 
       1.319039970550e-05       6.270562589683e+01 
       1.424266598317e-05       6.752731788102e+01 
       1.537887697396e-05       7.271977200258e+01 
       1.660572938097e-05       7.831147241541e+01 
       1.793045413791e-05       8.433311815128e+01 
       1.936085902737e-05       9.081778242446e+01 
       2.090537469909e-05       9.780108061344e+01 
       2.257310435923e-05       1.053213197032e+02 
       2.437387742372e-05       1.134197377001e+02 
       2.631830745176e-05       1.221408202816e+02 
       2.841785470091e-05       1.315324720916e+02 
       3.068489367268e-05       1.416462093729e+02 
       3.313278604643e-05       1.525374500691e+02 
       3.577595943165e-05       1.642660687078e+02 
       3.862999240274e-05       1.768963504868e+02 
       4.171170631739e-05       1.904975992459e+02 
       4.503926445983e-05       2.051444490305e+02 
       4.863227909323e-05       2.209171463752e+02 
       5.251192705226e-05       2.379022222314e+02 
       5.670107455699e-05       2.561927925600e+02 
       6.122441198393e-05       2.758890441790e+02 
       6.610859938837e-05       2.970989225465e+02 
       7.138242363583e-05       3.199385558200e+02 
       7.707696806873e-05       3.445329780878e+02 
       8.322579570814e-05       3.710167315928e+02 
       8.986514707061e-05       3.995346440954e+02 
       9.703415376577e-05       4.302425403883e+02 
       1.047750691338e-04       4.633080762974e+02 
       1.131335172818e-04       4.989116267507e+02 
       1.221587619877e-04       5.372471946561e+02 
       1.319039970550e-04       5.785234124633e+02 
       1.424266598317e-04       6.229645930980e+02 
       1.537887697396e-04       6.708118484951e+02 
       1.660572938097e-04       7.223242660220e+02 
       1.793045413791e-04       7.777801553457e+02 
       1.936085902737e-04       8.374783607333e+02 
       2.090537469909e-04       9.017396264495e+02 
       2.257310435923e-04       9.709080260152e+02 
       2.437387742372e-04       1.045352448644e+03 
       2.631830745176e-04       1.125468122836e+03 
       2.841785470091e-04       1.211678179511e+03 
       3.068489367268e-04       1.304435249091e+03 
       3.313278604643e-04       1.404223052541e+03 
       3.577595943165e-04       1.511558013390e+03 
       3.862999240274e-04       1.626990836405e+03 
       4.171170631739e-04       1.751108027372e+03 
       4.503926445983e-04       1.884533381345e+03 
       4.863227909323e-04       2.027929376470e+03 
       5.251192705226e-04       2.181998446367e+03 
       5.670107455699e-04       2.347484100857e+03 
       6.122441198393e-04       2.525171869336e+03 
       6.610859938837e-04       2.715889981401e+03 
       7.138242363583e-04       2.920509686090e+03 
       7.707696806873e-04       3.139945097711e+03 
       8.322579570814e-04       3.375152334397e+03 
       8.986514707061e-04       3.627127828231e+03 
       9.703415376577e-04       3.896905450015e+03 
       1.047750691338e-03       4.185552170962e+03 
       1.131335172818e-03       4.494162426790e+03 
       1.221587619877e-03       4.823850702672e+03 
       1.319039970550e-03       5.175742739583e+03 
       1.424266598317e-03       5.551019592523e+03 
       1.537887697396e-03       5.950788335882e+03 
       1.660572938097e-03       6.376123046807e+03 
       1.793045413791e-03       6.828073896107e+03 
       1.936085902737e-03       7.307625375380e+03 
       2.090537469909e-03       7.815671860233e+03 
       2.257310435923e-03       8.352990369376e+03 
       2.437387742372e-03       8.920211057497e+03 
       2.631830745176e-03       9.517783061857e+03 
       2.841785470091e-03       1.014593703666e+04 
       3.068489367268e-03       1.080464505739e+04 
       3.313278604643e-03       1.149357459533e+04 
       3.577595943165e-03       1.221203620810e+04 
       3.862999240274e-03       1.295892538480e+04 
       4.171170631739e-03       1.373266002210e+04 
       4.503926445983e-03       1.453111834539e+04 
       4.863227909323e-03       1.535154984079e+04 
       5.251192705226e-03       1.619063612920e+04 
       5.670107455699e-03       1.704431256381e+04 
       6.122441198393e-03       1.790755938420e+04 
       6.610859938837e-03       1.877460421879e+04 
       7.138242363583e-03       1.963872429292e+04 
       7.707696806873e-03       2.049215712448e+04 
       8.322579570814e-03       2.132607232552e+04 
       8.986514707061e-03       2.213054869340e+04 
       9.703415376577e-03       2.289445471374e+04 
       1.047750691338e-02       2.360548398054e+04 
       1.131335172818e-02       2.425022845761e+04 
       1.221587619877e-02       2.481423914733e+04 
       1.319039970550e-02       2.528218619143e+04 
       1.424266598317e-02       2.563813369941e+04 
       1.537887697392e-02       2.586607025243e+04 
       1.660572938023e-02       2.595025264696e+04 
       1.793045412706e-02       2.587635373205e+04 
       1.936085890181e-02       2.563218483328e+04 
       2.090537352463e-02       2.520934830649e+04 
       2.257309535333e-02       2.460446224657e+04 
       2.437382002918e-02       2.382084681959e+04 
       2.631799944462e-02       2.287042592129e+04 
       2.841644545389e-02       2.177448630459e+04 
       3.067933355377e-02       2.056554793734e+04 
       3.311368470740e-02       1.928728599849e+04 
       3.571840443502e-02       1.799402767424e+04 
       3.847720348444e-02       1.674681371684e+04 
       4.135335538431e-02       1.560460279072e+04 
       4.429361667738e-02       1.461037702826e+04 
       4.724366439141e-02       1.378053620267e+04 
       5.016480835311e-02       1.310504908497e+04 
       5.303989620246e-02       1.255714176985e+04 
       5.586870669566e-02       1.210426242185e+04 
       5.866042680613e-02       1.171465167817e+04 
       6.142798932958e-02       1.136043608517e+04 
       6.418496440164e-02       1.101854689862e+04 
       6.694418833788e-02       1.067066143379e+04 
       6.971731106057e-02       1.030353240468e+04 
       7.251476155766e-02       9.908972752631e+03 
       7.534587671527e-02       9.483732103108e+03 
       7.821907666265e-02       9.029429260633e+03 
       8.114203772912e-02       8.552260991704e+03 
       8.412184535029e-02       8.061856234284e+03 
       8.716512279304e-02       7.570707948677e+03 
       9.027813695930e-02       7.092417455552e+03 
       9.346688431697e-02       6.640460709837e+03 
       9.673716028276e-02       6.226607359843e+03 
       1.000946150830e-01       5.859861602718e+03 
       1.035447986537e-01       5.545143882487e+03 
       1.070931966762e-01       5.283051542403e+03 
       1.107452594425e-01       5.069315011410e+03 
       1.145064249153e-01       4.895132447871e+03 
       1.183821370918e-01       4.747730826661e+03 
       1.223778605862e-01       4.611599223393e+03 
       1.264990921987e-01       4.470468220484e+03 
       1.307513701367e-01       4.310124781394e+03 
       1.351402814784e-01       4.121222926842e+03 
       1.396714684203e-01       3.901880456307e+03 
       1.443506338194e-01       3.658445267822e+03 
       1.491835465229e-01       3.404289483434e+03 
       1.541760469708e-01       3.156461486250e+03 
       1.593340535561e-01       2.931755391922e+03 
       1.646635702297e-01       2.742147465676e+03 
       1.701706958456e-01       2.592008110352e+03 
       1.758616357459e-01       2.476979698802e+03 
       1.817427160982e-01       2.384904822351e+03 
       1.878204015065e-01       2.300064704893e+03 
       1.941013164283e-01       2.205439355582e+03 
       2.005922709503e-01       2.090478077168e+03 
       2.073002914972e-01       1.956111671585e+03 
       2.142326570816e-01       1.813825023138e+03 
       2.213969417533e-01       1.678914067750e+03 
       2.288010639706e-01       1.563444019433e+03 
       2.364533437147e-01       1.472263340339e+03 
       2.443625682930e-01       1.401062563141e+03 
       2.525380679504e-01       1.337940537163e+03 
       2.609898026346e-01       1.270398993545e+03 
       2.697284615565e-01       1.192852470164e+03 
       2.787655775689e-01       1.108783878452e+03 
       2.881136588829e-01       1.028195587808e+03 
       2.977863412677e-01       9.598786117361e+02 
       3.077985646929e-01       9.043892364170e+02 
       3.181667794071e-01       8.554788632869e+02 
       3.289091877812e-01       8.054870380605e+02 
       3.400460299658e-01       7.516570442172e+02 
       3.515999236474e-01       6.981557542602e+02 
       3.635962711085e-01       6.502632994240e+02 
       3.760637506334e-01       6.092825699847e+02 
       3.890349143879e-01       5.712518276894e+02 
       4.025469216825e-01       5.328623528376e+02 
       4.166424456376e-01       4.946701409610e+02 
       4.313708035863e-01       4.594660976395e+02 
       4.467893782977e-01       4.277259040342e+02 
       4.629654199664e-01       3.976728615298e+02 
       4.799783501994e-01       3.680909464807e+02 
       4.979227319373e-01       3.400369280391e+02 
       5.169121270864e-01       3.142256384249e+02 
       5.370841404489e-01       2.895166285455e+02 
       5.586070464571e-01       2.657261169212e+02 
       5.816885094930e-01       2.433625853577e+02 
       6.065870144995e-01       2.220496133103e+02 
       6.336266468475e-01       2.016157217249e+02 
       6.632156059511e-01       1.822012137714e+02 
       6.958678639263e-01       1.635877714695e+02 
       7.322247985589e-01       1.458302172721e+02 
       7.730680195114e-01       1.288602648254e+02 
       8.193049553677e-01       1.127385818385e+02 
       8.718988016039e-01       9.753824732075e+01 
       9.317218031082e-01       8.340954098460e+01 
       9.993660908989e-01       7.053047944904e+01 
       1.075037110174e+00       5.904662122317e+01 
       1.158653485707e+00       4.901931490364e+01 
       1.250099157308e+00       4.040848018342e+01 
       1.349432401273e+00       3.308840910190e+01 
       1.456947457397e+00       2.690407427824e+01 
       1.573135111331e+00       2.169876062308e+01 
       1.698621895592e+00       1.733015387280e+01 
       1.834127512934e+00       1.367540464593e+01 
       1.980444934528e+00       1.063080045581e+01 
       2.138435191726e+00       8.109600178149e+00 
       2.309029199186e+00       6.039514711833e+00 
       2.493232377687e+00       4.360641094512e+00 
       2.692130395285e+00       3.022382745727e+00 
       2.906895534573e+00       1.981993059845e+00 
       3.138793597714e+00       1.201726030515e+00 
       3.389191366484e+00       6.472065706595e-01 
       3.659564657905e+00       2.853429614519e-01 
       3.951507022538e+00       8.266655541305e-02 
       4.266739136701e+00       4.547928407576e-03 
       4.607118943941e+00       1.504590912657e-02 
       4.974652605557e+00       7.791438015868e-02 
       5.371506324689e+00       1.587958017028e-01 
       5.800019113685e+00       2.283745642730e-01 
       6.262716579983e+00       2.659413480486e-01 
       6.762325811764e+00       2.623344070832e-01 
       7.301791451110e+00       2.210094686419e-01 
       7.884293049406e+00       1.561694588843e-01 
       8.513263807261e+00       8.769967108985e-02 
       9.192410809424e+00       3.404664688787e-02 
       9.925736873929e+00       5.419291062521e-03 
       1.071756414427e+01       5.304065919691e-04 
       1.157255956364e+01       8.794551504177e-03 
       1.249576238137e+01       1.719849658105e-02 
       1.349261385375e+01       1.787569786010e-02 
       1.456898931416e+01       1.143182623648e-02 
       1.573123280165e+01       3.884661585308e-03 
       1.698619445202e+01       2.180549954629e-04 
       1.834127087176e+01       4.749576936122e-04 
       1.980444873285e+01       1.495058703536e-03 
       2.138435184532e+01       1.243221122025e-03 
       2.309029198506e+01       3.523775579823e-04 
       2.493232377636e+01       1.400803016489e-07 
       2.692130395282e+01       1.108196628808e-04 
       2.906895534573e+01       1.181787623240e-04 
       3.138793597714e+01       2.016792129383e-05 
       3.389191366484e+01       3.237125825744e-06 
       3.659564657905e+01       1.314458762574e-05 
       3.951507022538e+01       2.663633972647e-06 
       4.266739136701e+01       4.326111675923e-07 
       4.607118943941e+01       1.004785178062e-06 
       4.974652605557e+01       1.161415574982e-08 
       5.371506324689e+01       1.352851212782e-07 
       5.800019113685e+01       1.550391581633e-08 
       6.262716579983e+01       8.818514829631e-09 
       6.762325811764e+01       3.615132626867e-10 
