# Matter power spectrum P(k) at redshift z=0
# for k=1.04775e-05 to 67.6233 h/Mpc,
# number of wavenumbers equal to 246
#    1:k (h/Mpc)              2:P (Mpc/h)^3        
       1.047750691338e-05       5.020964806750e+01 
       1.131335172818e-05       5.407048206553e+01 
       1.221587619877e-05       5.822819063978e+01 
       1.319039970550e-05       6.270562589673e+01 
       1.424266598317e-05       6.752731788102e+01 
       1.537887697396e-05       7.271977200258e+01 
       1.660572938097e-05       7.831147241542e+01 
       1.793045413791e-05       8.433311815128e+01 
       1.936085902737e-05       9.081778242446e+01 
       2.090537469909e-05       9.780108061341e+01 
       2.257310435923e-05       1.053213197032e+02 
       2.437387742372e-05       1.134197377001e+02 
       2.631830745176e-05       1.221408202815e+02 
       2.841785470091e-05       1.315324720916e+02 
       3.068489367268e-05       1.416462093730e+02 
       3.313278604643e-05       1.525374500691e+02 
       3.577595943165e-05       1.642660687078e+02 
       3.862999240274e-05       1.768963504868e+02 
       4.171170631739e-05       1.904975992460e+02 
       4.503926445983e-05       2.051444490305e+02 
       4.863227909323e-05       2.209171463752e+02 
       5.251192705226e-05       2.379022222314e+02 
       5.670107455699e-05       2.561927925556e+02 
       6.122441198393e-05       2.758890441791e+02 
       6.610859938837e-05       2.970989225465e+02 
       7.138242363583e-05       3.199385558200e+02 
       7.707696806873e-05       3.445329780878e+02 
       8.322579570814e-05       3.710167315928e+02 
       8.986514707061e-05       3.995346440954e+02 
       9.703415376577e-05       4.302425403884e+02 
       1.047750691338e-04       4.633080762974e+02 
       1.131335172818e-04       4.989116267507e+02 
       1.221587619877e-04       5.372471946561e+02 
       1.319039970550e-04       5.785234124639e+02 
       1.424266598317e-04       6.229645930980e+02 
       1.537887697396e-04       6.708118484951e+02 
       1.660572938097e-04       7.223242660220e+02 
       1.793045413791e-04       7.777801554504e+02 
       1.936085902737e-04       8.374783607333e+02 
       2.090537469909e-04       9.017396264495e+02 
       2.257310435923e-04       9.709080260152e+02 
       2.437387742372e-04       1.045352448644e+03 
       2.631830745176e-04       1.125468122836e+03 
       2.841785470091e-04       1.211678179511e+03 
       3.068489367268e-04       1.304435249091e+03 
       3.313278604643e-04       1.404223052541e+03 
       3.577595943165e-04       1.511558013390e+03 
       3.862999240274e-04       1.626990836432e+03 
       4.171170631739e-04       1.751108027371e+03 
       4.503926445983e-04       1.884533381345e+03 
       4.863227909323e-04       2.027929376471e+03 
       5.251192705226e-04       2.181998446367e+03 
       5.670107455699e-04       2.347484100857e+03 
       6.122441198393e-04       2.525171869337e+03 
       6.610859938837e-04       2.715889981401e+03 
       7.138242363583e-04       2.920509686086e+03 
       7.707696806873e-04       3.139945097710e+03 
       8.322579570814e-04       3.375152334394e+03 
       8.986514707061e-04       3.627127828231e+03 
       9.703415376577e-04       3.896905450016e+03 
       1.047750691338e-03       4.185552170958e+03 
       1.131335172818e-03       4.494162426791e+03 
       1.221587619877e-03       4.823850702663e+03 
       1.319039970550e-03       5.175742734882e+03 
       1.424266598317e-03       5.551019592522e+03 
       1.537887697396e-03       5.950788335876e+03 
       1.660572938097e-03       6.376123046807e+03 
       1.793045413791e-03       6.828073896133e+03 
       1.936085902737e-03       7.307625375387e+03 
       2.090537469909e-03       7.815671899055e+03 
       2.257310435923e-03       8.352990369399e+03 
       2.437387742372e-03       8.920211057534e+03 
       2.631830745176e-03       9.517783061890e+03 
       2.841785470091e-03       1.014593703671e+04 
       3.068489367268e-03       1.080464505736e+04 
       3.313278604643e-03       1.149357459467e+04 
       3.577595943165e-03       1.221203620826e+04 
       3.862999240274e-03       1.295892538505e+04 
       4.171170631739e-03       1.373266002135e+04 
       4.503926445983e-03       1.453111834595e+04 
       4.863227909323e-03       1.535154984225e+04 
       5.251192705226e-03       1.619063613421e+04 
       5.670107455699e-03       1.704431256585e+04 
       6.122441198393e-03       1.790755938466e+04 
       6.610859938837e-03       1.877460424843e+04 
       7.138242363583e-03       1.963872429124e+04 
       7.707696806873e-03       2.049215713294e+04 
       8.322579570814e-03       2.132607230625e+04 
       8.986514707061e-03       2.213055027383e+04 
       9.703415376577e-03       2.289445470900e+04 
       1.047750691338e-02       2.360548733706e+04 
       1.131335172818e-02       2.425021983066e+04 
       1.221587619877e-02       2.481423922490e+04 
       1.319039970550e-02       2.528218750769e+04 
       1.424266598317e-02       2.563813735379e+04 
       1.537887697392e-02       2.586607469277e+04 
       1.660572938023e-02       2.595028955182e+04 
       1.793045412706e-02       2.587632452638e+04 
       1.936085890181e-02       2.563220764652e+04 
       2.090537352463e-02       2.520931636219e+04 
       2.257309535333e-02       2.460447909587e+04 
       2.437382002918e-02       2.382089004303e+04 
       2.631799944462e-02       2.287045310545e+04 
       2.841644545389e-02       2.177453130964e+04 
       3.067933355377e-02       2.056555545811e+04 
       3.311368470740e-02       1.928729708144e+04 
       3.571840443502e-02       1.799402059248e+04 
       3.847720348444e-02       1.674682514466e+04 
       4.135335538431e-02       1.560463577497e+04 
       4.429361667738e-02       1.461038173772e+04 
       4.724366439141e-02       1.378057082314e+04 
       5.016480835311e-02       1.310510157777e+04 
       5.303989620246e-02       1.255714626776e+04 
       5.586870669566e-02       1.210424401640e+04 
       5.866042680613e-02       1.171465318466e+04 
       6.142798932958e-02       1.136046895808e+04 
       6.418496440164e-02       1.101856065137e+04 
       6.694418833788e-02       1.067069187258e+04 
       6.971731106057e-02       1.030356843903e+04 
       7.251476155766e-02       9.909019488685e+03 
       7.534587671527e-02       9.483793192326e+03 
       7.821907666265e-02       9.029511737797e+03 
       8.114203772912e-02       8.552311284786e+03 
       8.412184535029e-02       8.061920456663e+03 
       8.716512279304e-02       7.570772014790e+03 
       9.027813695930e-02       7.092476798710e+03 
       9.346688431697e-02       6.640515380389e+03 
       9.673716028276e-02       6.226703408869e+03 
       1.000946150830e-01       5.859914185096e+03 
       1.035447986537e-01       5.545262095417e+03 
       1.070931966762e-01       5.283139401617e+03 
       1.107452594425e-01       5.069411521172e+03 
       1.145064249153e-01       4.895260323472e+03 
       1.183821370918e-01       4.747848793893e+03 
       1.223778605862e-01       4.611733823941e+03 
       1.264990921987e-01       4.470602860915e+03 
       1.307513701367e-01       4.310264612009e+03 
       1.351402814784e-01       4.121375894077e+03 
       1.396714684203e-01       3.902050235839e+03 
       1.443506338194e-01       3.658661952874e+03 
       1.491835465229e-01       3.404492251234e+03 
       1.541760469708e-01       3.156670831284e+03 
       1.593340535561e-01       2.931981300685e+03 
       1.646635702297e-01       2.742378090930e+03 
       1.701706958456e-01       2.592261844339e+03 
       1.758616357459e-01       2.477236889487e+03 
       1.817427160982e-01       2.385179335071e+03 
       1.878204015065e-01       2.300359687437e+03 
       1.941013164283e-01       2.205757127116e+03 
       2.005922709503e-01       2.090823561190e+03 
       2.073002914972e-01       1.956464784227e+03 
       2.142326570816e-01       1.814192558196e+03 
       2.213969417533e-01       1.679293612069e+03 
       2.288010639706e-01       1.563847920622e+03 
       2.364533437147e-01       1.472686224426e+03 
       2.443625682930e-01       1.401511328875e+03 
       2.525380679504e-01       1.338413714397e+03 
       2.609898026346e-01       1.270899783940e+03 
       2.697284615565e-01       1.193386311620e+03 
       2.787655775689e-01       1.109337320549e+03 
       2.881136588829e-01       1.028766248581e+03 
       2.977863412677e-01       9.604773439475e+02 
       3.077985646929e-01       9.050220621059e+02 
       3.181667794071e-01       8.561463875451e+02 
       3.289091877812e-01       8.061887994522e+02 
       3.400460299658e-01       7.523905106964e+02 
       3.515999236474e-01       6.989244850732e+02 
       3.635962711085e-01       6.510624794466e+02 
       3.760637506334e-01       6.101232691472e+02 
       3.890349143879e-01       5.721319620955e+02 
       4.025469216825e-01       5.337825154643e+02 
       4.166424456376e-01       4.956310560580e+02 
       4.313708035863e-01       4.604679022167e+02 
       4.467893782977e-01       4.287767248107e+02 
       4.629654199664e-01       3.987718506399e+02 
       4.799783501994e-01       3.692417702039e+02 
       4.979227319373e-01       3.412401272985e+02 
       5.169121270864e-01       3.154831684417e+02 
       5.370841404489e-01       2.908352213558e+02 
       5.586070464571e-01       2.671061942720e+02 
       5.816885094930e-01       2.448102156124e+02 
       6.065870144995e-01       2.235674534106e+02 
       6.336266468475e-01       2.032102357919e+02 
       6.632156059511e-01       1.838790120227e+02 
       6.958678639263e-01       1.653547271940e+02 
       7.322247985589e-01       1.476957346691e+02 
       7.730680195114e-01       1.308339022483e+02 
       8.193049553677e-01       1.148314045928e+02 
       8.718988016039e-01       9.976281563510e+01 
       9.317218031082e-01       8.577790927950e+01 
       9.993660908989e-01       7.305513747910e+01 
       1.075037110174e+00       6.173609194313e+01 
       1.158653485707e+00       5.187920167863e+01 
       1.250099157308e+00       4.344031638683e+01 
       1.349432401273e+00       3.628925926161e+01 
       1.456947457397e+00       3.026812760398e+01 
       1.573135111331e+00       2.521456427268e+01 
       1.698621895592e+00       2.098198367826e+01 
       1.834127512934e+00       1.744233707341e+01 
       1.980444934528e+00       1.448563803358e+01 
       2.138435191726e+00       1.201887728233e+01 
       2.309029199186e+00       9.963095113968e+00 
       2.493232377687e+00       8.251741175200e+00 
       2.692130395285e+00       6.828544739245e+00 
       2.906895534573e+00       5.646171344895e+00 
       3.138793597714e+00       4.664808551983e+00 
       3.389191366484e+00       3.851004910164e+00 
       3.659564657905e+00       3.176858613961e+00 
       3.951507022538e+00       2.618757016845e+00 
       4.266739136701e+00       2.157211948808e+00 
       4.607118943941e+00       1.775789089975e+00 
       4.974652605557e+00       1.460827480812e+00 
       5.371506324689e+00       1.200962316125e+00 
       5.800019113685e+00       9.866875221035e-01 
       6.262716579983e+00       8.101433278875e-01 
       6.762325811764e+00       6.647920012554e-01 
       7.301791451110e+00       5.451845877524e-01 
       7.884293049406e+00       4.468409056259e-01 
       8.513263807261e+00       3.660278822187e-01 
       9.192410809424e+00       2.996484814188e-01 
       9.925736873929e+00       2.451677298882e-01 
       1.071756414427e+01       2.004748473663e-01 
       1.157255956364e+01       1.638292921782e-01 
       1.249576238137e+01       1.337986914370e-01 
       1.349261385375e+01       1.092021262308e-01 
       1.456898931416e+01       8.906329705606e-02 
       1.573123280165e+01       7.258339899801e-02 
       1.698619445202e+01       5.910168314141e-02 
       1.834127087176e+01       4.807760935132e-02 
       1.980444873285e+01       3.906649368276e-02 
       2.138435184532e+01       3.170255671420e-02 
       2.309029198506e+01       2.568706614963e-02 
       2.493232377636e+01       2.077402641467e-02 
       2.692130395282e+01       1.676254807024e-02 
       2.906895534573e+01       1.348793159092e-02 
       3.138793597714e+01       1.081564997507e-02 
       3.389191366484e+01       8.635739506706e-03 
       3.659564657905e+01       6.858547914210e-03 
       3.951507022538e+01       5.410838313520e-03 
       4.266739136701e+01       4.232994296917e-03 
       4.607118943941e+01       3.276569892188e-03 
       4.974652605557e+01       2.502518428098e-03 
       5.371506324689e+01       1.878876581590e-03 
       5.800019113685e+01       1.379926960237e-03 
       6.262716579983e+01       9.848822633414e-04 
       6.762325811764e+01       6.767764421442e-04 
