# Matter power spectrum P(k) at redshift z=0
# for k=1.04775e-05 to 67.6233 h/Mpc,
# number of wavenumbers equal to 246
#    1:k (h/Mpc)              2:P (Mpc/h)^3        
       1.047750691338e-05       5.020964806748e+01 
       1.131335172818e-05       5.407048206554e+01 
       1.221587619877e-05       5.822819063924e+01 
       1.319039970550e-05       6.270562589683e+01 
       1.424266598317e-05       6.752731788102e+01 
       1.537887697396e-05       7.271977200257e+01 
       1.660572938097e-05       7.831147241542e+01 
       1.793045413791e-05       8.433311815128e+01 
       1.936085902737e-05       9.081778242446e+01 
       2.090537469909e-05       9.780108061339e+01 
       2.257310435923e-05       1.053213197032e+02 
       2.437387742372e-05       1.134197377001e+02 
       2.631830745176e-05       1.221408202816e+02 
       2.841785470091e-05       1.315324720916e+02 
       3.068489367268e-05       1.416462093729e+02 
       3.313278604643e-05       1.525374500691e+02 
       3.577595943165e-05       1.642660687078e+02 
       3.862999240274e-05       1.768963504868e+02 
       4.171170631739e-05       1.904975992460e+02 
       4.503926445983e-05       2.051444490305e+02 
       4.863227909323e-05       2.209171463752e+02 
       5.251192705226e-05       2.379022222314e+02 
       5.670107455699e-05       2.561927925513e+02 
       6.122441198393e-05       2.758890441791e+02 
       6.610859938837e-05       2.970989225466e+02 
       7.138242363583e-05       3.199385558200e+02 
       7.707696806873e-05       3.445329780878e+02 
       8.322579570814e-05       3.710167315928e+02 
       8.986514707061e-05       3.995346440954e+02 
       9.703415376577e-05       4.302425403884e+02 
       1.047750691338e-04       4.633080762974e+02 
       1.131335172818e-04       4.989116267507e+02 
       1.221587619877e-04       5.372471946561e+02 
       1.319039970550e-04       5.785234124634e+02 
       1.424266598317e-04       6.229645930980e+02 
       1.537887697396e-04       6.708118484951e+02 
       1.660572938097e-04       7.223242660220e+02 
       1.793045413791e-04       7.777801553319e+02 
       1.936085902737e-04       8.374783607333e+02 
       2.090537469909e-04       9.017396264495e+02 
       2.257310435923e-04       9.709080260152e+02 
       2.437387742372e-04       1.045352448644e+03 
       2.631830745176e-04       1.125468122836e+03 
       2.841785470091e-04       1.211678179511e+03 
       3.068489367268e-04       1.304435249091e+03 
       3.313278604643e-04       1.404223052541e+03 
       3.577595943165e-04       1.511558013390e+03 
       3.862999240274e-04       1.626990836515e+03 
       4.171170631739e-04       1.751108027370e+03 
       4.503926445983e-04       1.884533381345e+03 
       4.863227909323e-04       2.027929376471e+03 
       5.251192705226e-04       2.181998446367e+03 
       5.670107455699e-04       2.347484100857e+03 
       6.122441198393e-04       2.525171869335e+03 
       6.610859938837e-04       2.715889981400e+03 
       7.138242363583e-04       2.920509686087e+03 
       7.707696806873e-04       3.139945097710e+03 
       8.322579570814e-04       3.375152334396e+03 
       8.986514707061e-04       3.627127828231e+03 
       9.703415376577e-04       3.896905450016e+03 
       1.047750691338e-03       4.185552170959e+03 
       1.131335172818e-03       4.494162426791e+03 
       1.221587619877e-03       4.823850702666e+03 
       1.319039970550e-03       5.175742734641e+03 
       1.424266598317e-03       5.551019592515e+03 
       1.537887697396e-03       5.950788335884e+03 
       1.660572938097e-03       6.376123046805e+03 
       1.793045413791e-03       6.828073896115e+03 
       1.936085902737e-03       7.307625375386e+03 
       2.090537469909e-03       7.815671898445e+03 
       2.257310435923e-03       8.352990369398e+03 
       2.437387742372e-03       8.920211057539e+03 
       2.631830745176e-03       9.517783061890e+03 
       2.841785470091e-03       1.014593703671e+04 
       3.068489367268e-03       1.080464505735e+04 
       3.313278604643e-03       1.149357459458e+04 
       3.577595943165e-03       1.221203620826e+04 
       3.862999240274e-03       1.295892538505e+04 
       4.171170631739e-03       1.373266002186e+04 
       4.503926445983e-03       1.453111834595e+04 
       4.863227909323e-03       1.535154984226e+04 
       5.251192705226e-03       1.619063613431e+04 
       5.670107455699e-03       1.704431256565e+04 
       6.122441198393e-03       1.790755938456e+04 
       6.610859938837e-03       1.877460416130e+04 
       7.138242363583e-03       1.963872429104e+04 
       7.707696806873e-03       2.049215713620e+04 
       8.322579570814e-03       2.132607230439e+04 
       8.986514707061e-03       2.213054993066e+04 
       9.703415376577e-03       2.289445470821e+04 
       1.047750691338e-02       2.360548550511e+04 
       1.131335172818e-02       2.425023371259e+04 
       1.221587619877e-02       2.481423919959e+04 
       1.319039970550e-02       2.528218875686e+04 
       1.424266598317e-02       2.563814324566e+04 
       1.537887697392e-02       2.586607121928e+04 
       1.660572938023e-02       2.595027478005e+04 
       1.793045412706e-02       2.587634283129e+04 
       1.936085890181e-02       2.563219401047e+04 
       2.090537352463e-02       2.520935855911e+04 
       2.257309535333e-02       2.460445219842e+04 
       2.437382002918e-02       2.382086900253e+04 
       2.631799944462e-02       2.287044110470e+04 
       2.841644545389e-02       2.177451096427e+04 
       3.067933355377e-02       2.056556575653e+04 
       3.311368470740e-02       1.928729030098e+04 
       3.571840443502e-02       1.799402037219e+04 
       3.847720348444e-02       1.674686423099e+04 
       4.135335538431e-02       1.560462851413e+04 
       4.429361667738e-02       1.461037820761e+04 
       4.724366439141e-02       1.378054048432e+04 
       5.016480835311e-02       1.310505783851e+04 
       5.303989620246e-02       1.255716665051e+04 
       5.586870669566e-02       1.210426928831e+04 
       5.866042680613e-02       1.171465528422e+04 
       6.142798932958e-02       1.136048210012e+04 
       6.418496440164e-02       1.101855181329e+04 
       6.694418833788e-02       1.067072382710e+04 
       6.971731106057e-02       1.030359713251e+04 
       7.251476155766e-02       9.909006483755e+03 
       7.534587671527e-02       9.483786102079e+03 
       7.821907666265e-02       9.029508139298e+03 
       8.114203772912e-02       8.552350861097e+03 
       8.412184535029e-02       8.061941947028e+03 
       8.716512279304e-02       7.570777124272e+03 
       9.027813695930e-02       7.092509350379e+03 
       9.346688431697e-02       6.640520438947e+03 
       9.673716028276e-02       6.226711427035e+03 
       1.000946150830e-01       5.859936431631e+03 
       1.035447986537e-01       5.545252501815e+03 
       1.070931966762e-01       5.283124507942e+03 
       1.107452594425e-01       5.069420524661e+03 
       1.145064249153e-01       4.895244459716e+03 
       1.183821370918e-01       4.747870596682e+03 
       1.223778605862e-01       4.611736820688e+03 
       1.264990921987e-01       4.470610721191e+03 
       1.307513701367e-01       4.310277385439e+03 
       1.351402814784e-01       4.121387879099e+03 
       1.396714684203e-01       3.902052856843e+03 
       1.443506338194e-01       3.658636958052e+03 
       1.491835465229e-01       3.404488045161e+03 
       1.541760469708e-01       3.156664585521e+03 
       1.593340535561e-01       2.931977572533e+03 
       1.646635702297e-01       2.742377025230e+03 
       1.701706958456e-01       2.592261002552e+03 
       1.758616357459e-01       2.477247880404e+03 
       1.817427160982e-01       2.385186869999e+03 
       1.878204015065e-01       2.300358926773e+03 
       1.941013164283e-01       2.205762648795e+03 
       2.005922709503e-01       2.090810625014e+03 
       2.073002914972e-01       1.956466315819e+03 
       2.142326570816e-01       1.814192627987e+03 
       2.213969417533e-01       1.679299060669e+03 
       2.288010639706e-01       1.563847173542e+03 
       2.364533437147e-01       1.472687623872e+03 
       2.443625682930e-01       1.401512411254e+03 
       2.525380679504e-01       1.338410810279e+03 
       2.609898026346e-01       1.270903345404e+03 
       2.697284615565e-01       1.193381933502e+03 
       2.787655775689e-01       1.109338288026e+03 
       2.881136588829e-01       1.028773488206e+03 
       2.977863412677e-01       9.604822514069e+02 
       3.077985646929e-01       9.050260172552e+02 
       3.181667794071e-01       8.561453647864e+02 
       3.289091877812e-01       8.061870159312e+02 
       3.400460299658e-01       7.523920635021e+02 
       3.515999236474e-01       6.989242323110e+02 
       3.635962711085e-01       6.510651462431e+02 
       3.760637506334e-01       6.101237919534e+02 
       3.890349143879e-01       5.721313448465e+02 
       4.025469216825e-01       5.337821961688e+02 
       4.166424456376e-01       4.956316785513e+02 
       4.313708035863e-01       4.604687649131e+02 
       4.467893782977e-01       4.287778746955e+02 
       4.629654199664e-01       3.987726214962e+02 
       4.799783501994e-01       3.692415938587e+02 
       4.979227319373e-01       3.412410255672e+02 
       5.169121270864e-01       3.154830528880e+02 
       5.370841404489e-01       2.908350406634e+02 
       5.586070464571e-01       2.671062269086e+02 
       5.816885094930e-01       2.448097509569e+02 
       6.065870144995e-01       2.235672232065e+02 
       6.336266468475e-01       2.032108612698e+02 
       6.632156059511e-01       1.838792936540e+02 
       6.958678639263e-01       1.653545981344e+02 
       7.322247985589e-01       1.476958494752e+02 
       7.730680195114e-01       1.308339950253e+02 
       8.193049553677e-01       1.148313137853e+02 
       8.718988016039e-01       9.976277966829e+01 
       9.317218031082e-01       8.577789277820e+01 
       9.993660908989e-01       7.305482433996e+01 
       1.075037110174e+00       6.173622313379e+01 
       1.158653485707e+00       5.187923297913e+01 
       1.250099157308e+00       4.344017284440e+01 
       1.349432401273e+00       3.628930503495e+01 
       1.456947457397e+00       3.026794185743e+01 
       1.573135111331e+00       2.521450891361e+01 
       1.698621895592e+00       2.098197888868e+01 
       1.834127512934e+00       1.744234403280e+01 
       1.980444934528e+00       1.448566356076e+01 
       2.138435191726e+00       1.201891770064e+01 
       2.309029199186e+00       9.963188644108e+00 
       2.493232377687e+00       8.251820923973e+00 
       2.692130395285e+00       6.828565156541e+00 
       2.906895534573e+00       5.646278795383e+00 
       3.138793597714e+00       4.664868663347e+00 
       3.389191366484e+00       3.851117076302e+00 
       3.659564657905e+00       3.176953529679e+00 
       3.951507022538e+00       2.618872720799e+00 
       4.266739136701e+00       2.157365469518e+00 
       4.607118943941e+00       1.775928603683e+00 
       4.974652605557e+00       1.460993289213e+00 
       5.371506324689e+00       1.201136024716e+00 
       5.800019113685e+00       9.868839549980e-01 
       6.262716579983e+00       8.103526183546e-01 
       6.762325811764e+00       6.650052814093e-01 
       7.301791451110e+00       5.454238897177e-01 
       7.884293049406e+00       4.470978846439e-01 
       8.513263807261e+00       3.662928365290e-01 
       9.192410809424e+00       2.999364606835e-01 
       9.925736873929e+00       2.454771409253e-01 
       1.071756414427e+01       2.008031841365e-01 
       1.157255956364e+01       1.641778041740e-01 
       1.249576238137e+01       1.341704990154e-01 
       1.349261385375e+01       1.095955869278e-01 
       1.456898931416e+01       8.948059881217e-02 
       1.573123280165e+01       7.302478147049e-02 
       1.698619445202e+01       5.956880726595e-02 
       1.834127087176e+01       4.857131771446e-02 
       1.980444873285e+01       3.958641326199e-02 
       2.138435184532e+01       3.225001231794e-02 
       2.309029198506e+01       2.626120833058e-02 
       2.493232377636e+01       2.137588363102e-02 
       2.692130395282e+01       1.739127445271e-02 
       2.906895534573e+01       1.414303227371e-02 
       3.138793597714e+01       1.149615098654e-02 
       3.389191366484e+01       9.339923517325e-03 
       3.659564657905e+01       7.584236106455e-03 
       3.951507022538e+01       6.155074602132e-03 
       4.266739136701e+01       4.992120902787e-03 
       4.607118943941e+01       4.046140556473e-03 
       4.974652605557e+01       3.276857130712e-03 
       5.371506324689e+01       2.651509978212e-03 
       5.800019113685e+01       2.143240690227e-03 
       6.262716579983e+01       1.730261496215e-03 
       6.762325811764e+01       1.394877839188e-03 
