# Matter power spectrum P(k) at redshift z=0
# for k=1.04775e-05 to 67.6233 h/Mpc,
# number of wavenumbers equal to 246
#    1:k (h/Mpc)              2:P (Mpc/h)^3        
       1.047750691338e-05       5.020964806749e+01 
       1.131335172818e-05       5.407048206554e+01 
       1.221587619877e-05       5.822819063941e+01 
       1.319039970550e-05       6.270562589689e+01 
       1.424266598317e-05       6.752731788102e+01 
       1.537887697396e-05       7.271977200258e+01 
       1.660572938097e-05       7.831147241541e+01 
       1.793045413791e-05       8.433311815128e+01 
       1.936085902737e-05       9.081778242446e+01 
       2.090537469909e-05       9.780108061339e+01 
       2.257310435923e-05       1.053213197032e+02 
       2.437387742372e-05       1.134197377001e+02 
       2.631830745176e-05       1.221408202816e+02 
       2.841785470091e-05       1.315324720916e+02 
       3.068489367268e-05       1.416462093729e+02 
       3.313278604643e-05       1.525374500691e+02 
       3.577595943165e-05       1.642660687078e+02 
       3.862999240274e-05       1.768963504868e+02 
       4.171170631739e-05       1.904975992460e+02 
       4.503926445983e-05       2.051444490305e+02 
       4.863227909323e-05       2.209171463752e+02 
       5.251192705226e-05       2.379022222314e+02 
       5.670107455699e-05       2.561927926044e+02 
       6.122441198393e-05       2.758890441791e+02 
       6.610859938837e-05       2.970989225467e+02 
       7.138242363583e-05       3.199385558200e+02 
       7.707696806873e-05       3.445329780878e+02 
       8.322579570814e-05       3.710167315928e+02 
       8.986514707061e-05       3.995346440954e+02 
       9.703415376577e-05       4.302425403884e+02 
       1.047750691338e-04       4.633080762974e+02 
       1.131335172818e-04       4.989116267507e+02 
       1.221587619877e-04       5.372471946561e+02 
       1.319039970550e-04       5.785234124640e+02 
       1.424266598317e-04       6.229645930980e+02 
       1.537887697396e-04       6.708118484951e+02 
       1.660572938097e-04       7.223242660220e+02 
       1.793045413791e-04       7.777801557716e+02 
       1.936085902737e-04       8.374783607333e+02 
       2.090537469909e-04       9.017396264495e+02 
       2.257310435923e-04       9.709080260152e+02 
       2.437387742372e-04       1.045352448644e+03 
       2.631830745176e-04       1.125468122836e+03 
       2.841785470091e-04       1.211678179511e+03 
       3.068489367268e-04       1.304435249091e+03 
       3.313278604643e-04       1.404223052541e+03 
       3.577595943165e-04       1.511558013390e+03 
       3.862999240274e-04       1.626990836420e+03 
       4.171170631739e-04       1.751108027370e+03 
       4.503926445983e-04       1.884533381345e+03 
       4.863227909323e-04       2.027929376471e+03 
       5.251192705226e-04       2.181998446367e+03 
       5.670107455699e-04       2.347484100857e+03 
       6.122441198393e-04       2.525171869338e+03 
       6.610859938837e-04       2.715889981400e+03 
       7.138242363583e-04       2.920509686080e+03 
       7.707696806873e-04       3.139945097710e+03 
       8.322579570814e-04       3.375152334395e+03 
       8.986514707061e-04       3.627127828231e+03 
       9.703415376577e-04       3.896905450016e+03 
       1.047750691338e-03       4.185552170959e+03 
       1.131335172818e-03       4.494162426791e+03 
       1.221587619877e-03       4.823850702671e+03 
       1.319039970550e-03       5.175742737695e+03 
       1.424266598317e-03       5.551019592510e+03 
       1.537887697396e-03       5.950788335883e+03 
       1.660572938097e-03       6.376123046808e+03 
       1.793045413791e-03       6.828073896114e+03 
       1.936085902737e-03       7.307625375386e+03 
       2.090537469909e-03       7.815671859761e+03 
       2.257310435923e-03       8.352990369401e+03 
       2.437387742372e-03       8.920211057533e+03 
       2.631830745176e-03       9.517783061890e+03 
       2.841785470091e-03       1.014593703671e+04 
       3.068489367268e-03       1.080464505748e+04 
       3.313278604643e-03       1.149357459486e+04 
       3.577595943165e-03       1.221203620826e+04 
       3.862999240274e-03       1.295892538505e+04 
       4.171170631739e-03       1.373266002209e+04 
       4.503926445983e-03       1.453111834595e+04 
       4.863227909323e-03       1.535154984220e+04 
       5.251192705226e-03       1.619063613397e+04 
       5.670107455699e-03       1.704431256582e+04 
       6.122441198393e-03       1.790755938478e+04 
       6.610859938837e-03       1.877460423433e+04 
       7.138242363583e-03       1.963872429170e+04 
       7.707696806873e-03       2.049215713390e+04 
       8.322579570814e-03       2.132606822506e+04 
       8.986514707061e-03       2.213054611486e+04 
       9.703415376577e-03       2.289445471091e+04 
       1.047750691338e-02       2.360548430194e+04 
       1.131335172818e-02       2.425022856223e+04 
       1.221587619877e-02       2.481423922291e+04 
       1.319039970550e-02       2.528218871590e+04 
       1.424266598317e-02       2.563814402545e+04 
       1.537887697392e-02       2.586607786398e+04 
       1.660572938023e-02       2.595027611568e+04 
       1.793045412706e-02       2.587635334936e+04 
       1.936085890181e-02       2.563219328471e+04 
       2.090537352463e-02       2.520934236369e+04 
       2.257309535333e-02       2.460444974581e+04 
       2.437382002918e-02       2.382087840754e+04 
       2.631799944462e-02       2.287047858270e+04 
       2.841644545389e-02       2.177453112458e+04 
       3.067933355377e-02       2.056554380303e+04 
       3.311368470740e-02       1.928724829089e+04 
       3.571840443502e-02       1.799400307280e+04 
       3.847720348444e-02       1.674683397049e+04 
       4.135335538431e-02       1.560461267442e+04 
       4.429361667738e-02       1.461035015871e+04 
       4.724366439141e-02       1.378052006631e+04 
       5.016480835311e-02       1.310509623815e+04 
       5.303989620246e-02       1.255716075700e+04 
       5.586870669566e-02       1.210429283477e+04 
       5.866042680613e-02       1.171464942705e+04 
       6.142798932958e-02       1.136055440051e+04 
       6.418496440164e-02       1.101856875088e+04 
       6.694418833788e-02       1.067068389202e+04 
       6.971731106057e-02       1.030357512903e+04 
       7.251476155766e-02       9.909014980538e+03 
       7.534587671527e-02       9.483775400797e+03 
       7.821907666265e-02       9.029482595756e+03 
       8.114203772912e-02       8.552339289564e+03 
       8.412184535029e-02       8.061892007590e+03 
       8.716512279304e-02       7.570774769247e+03 
       9.027813695930e-02       7.092486740342e+03 
       9.346688431697e-02       6.640513017484e+03 
       9.673716028276e-02       6.226682778772e+03 
       1.000946150830e-01       5.859925946941e+03 
       1.035447986537e-01       5.545244324158e+03 
       1.070931966762e-01       5.283139103032e+03 
       1.107452594425e-01       5.069413756237e+03 
       1.145064249153e-01       4.895239928925e+03 
       1.183821370918e-01       4.747853301954e+03 
       1.223778605862e-01       4.611740060901e+03 
       1.264990921987e-01       4.470638431287e+03 
       1.307513701367e-01       4.310276813185e+03 
       1.351402814784e-01       4.121380905066e+03 
       1.396714684203e-01       3.902052780380e+03 
       1.443506338194e-01       3.658647849839e+03 
       1.491835465229e-01       3.404460723255e+03 
       1.541760469708e-01       3.156672845464e+03 
       1.593340535561e-01       2.931978770387e+03 
       1.646635702297e-01       2.742375245079e+03 
       1.701706958456e-01       2.592268103225e+03 
       1.758616357459e-01       2.477235396324e+03 
       1.817427160982e-01       2.385186180050e+03 
       1.878204015065e-01       2.300359801196e+03 
       1.941013164283e-01       2.205759038967e+03 
       2.005922709503e-01       2.090814047243e+03 
       2.073002914972e-01       1.956464098634e+03 
       2.142326570816e-01       1.814196089980e+03 
       2.213969417533e-01       1.679285493865e+03 
       2.288010639706e-01       1.563849939205e+03 
       2.364533437147e-01       1.472685711417e+03 
       2.443625682930e-01       1.401512491972e+03 
       2.525380679504e-01       1.338409289488e+03 
       2.609898026346e-01       1.270902665308e+03 
       2.697284615565e-01       1.193382093943e+03 
       2.787655775689e-01       1.109338866392e+03 
       2.881136588829e-01       1.028767688922e+03 
       2.977863412677e-01       9.604823167375e+02 
       3.077985646929e-01       9.050206789401e+02 
       3.181667794071e-01       8.561436755976e+02 
       3.289091877812e-01       8.061893102828e+02 
       3.400460299658e-01       7.523909046511e+02 
       3.515999236474e-01       6.989229397263e+02 
       3.635962711085e-01       6.510629986133e+02 
       3.760637506334e-01       6.101231792398e+02 
       3.890349143879e-01       5.721316558808e+02 
       4.025469216825e-01       5.337821415474e+02 
       4.166424456376e-01       4.956295631016e+02 
       4.313708035863e-01       4.604690947769e+02 
       4.467893782977e-01       4.287767742855e+02 
       4.629654199664e-01       3.987707780079e+02 
       4.799783501994e-01       3.692413030018e+02 
       4.979227319373e-01       3.412402132082e+02 
       5.169121270864e-01       3.154824539768e+02 
       5.370841404489e-01       2.908356146163e+02 
       5.586070464571e-01       2.671056520152e+02 
       5.816885094930e-01       2.448089937295e+02 
       6.065870144995e-01       2.235674824968e+02 
       6.336266468475e-01       2.032110839031e+02 
       6.632156059511e-01       1.838787723683e+02 
       6.958678639263e-01       1.653541069631e+02 
       7.322247985589e-01       1.476950506047e+02 
       7.730680195114e-01       1.308331646071e+02 
       8.193049553677e-01       1.148312434116e+02 
       8.718988016039e-01       9.976259405694e+01 
       9.317218031082e-01       8.577814073017e+01 
       9.993660908989e-01       7.305433983813e+01 
       1.075037110174e+00       6.173563573224e+01 
       1.158653485707e+00       5.187901884580e+01 
       1.250099157308e+00       4.343993066565e+01 
       1.349432401273e+00       3.628888328337e+01 
       1.456947457397e+00       3.026738436295e+01 
       1.573135111331e+00       2.521395748245e+01 
       1.698621895592e+00       2.098124723606e+01 
       1.834127512934e+00       1.744149127069e+01 
       1.980444934528e+00       1.448468085911e+01 
       2.138435191726e+00       1.201787949046e+01 
       2.309029199186e+00       9.962020666888e+00 
       2.493232377687e+00       8.250506057766e+00 
       2.692130395285e+00       6.827187221911e+00 
       2.906895534573e+00       5.644653673590e+00 
       3.138793597714e+00       4.663145952898e+00 
       3.389191366484e+00       3.849200061910e+00 
       3.659564657905e+00       3.174843452301e+00 
       3.951507022538e+00       2.616553014532e+00 
       4.266739136701e+00       2.154825094980e+00 
       4.607118943941e+00       1.773163886462e+00 
       4.974652605557e+00       1.457968010945e+00 
       5.371506324689e+00       1.197827052481e+00 
       5.800019113685e+00       9.832859773958e-01 
       6.262716579983e+00       8.064470713197e-01 
       6.762325811764e+00       6.607706148268e-01 
       7.301791451110e+00       5.408333703764e-01 
       7.884293049406e+00       4.421325720103e-01 
       8.513263807261e+00       3.609320756808e-01 
       9.192410809424e+00       2.941581132124e-01 
       9.925736873929e+00       2.392619625999e-01 
       1.071756414427e+01       1.941368335154e-01 
       1.157255956364e+01       1.570474948917e-01 
       1.249576238137e+01       1.265669012790e-01 
       1.349261385375e+01       1.015209538936e-01 
       1.456898931416e+01       8.093900488722e-02 
       1.573123280165e+01       6.403551293777e-02 
       1.698619445202e+01       5.016301226417e-02 
       1.834127087176e+01       3.879743785462e-02 
       1.980444873285e+01       2.951240135280e-02 
       2.138435184532e+01       2.196495852669e-02 
       2.309029198506e+01       1.588077343229e-02 
       2.493232377636e+01       1.103996519212e-02 
       2.692130395282e+01       7.266636754335e-03 
       2.906895534573e+01       4.418364924951e-03 
       3.138793597714e+01       2.374887295976e-03 
       3.389191366484e+01       1.028911157928e-03 
       3.659564657905e+01       2.759999771130e-04 
       3.951507022538e+01       6.356825512709e-06 
       4.266739136701e+01       9.914524987421e-05 
       4.607118943941e+01       4.213061267787e-04 
       4.974652605557e+01       8.327655719760e-04 
       5.371506324689e+01       1.199020406279e-03 
       5.800019113685e+01       1.411133808668e-03 
       6.262716579983e+01       1.407239360723e-03 
       6.762325811764e+01       1.190139161612e-03 
