# Matter power spectrum P(k) at redshift z=99
# for k=1.04775e-05 to 67.6233 h/Mpc,
# number of wavenumbers equal to 246
#    1:k (h/Mpc)              2:P (Mpc/h)^3        
       1.047750691338e-05       7.261927673119e-03 
       1.131335172818e-05       7.820331745737e-03 
       1.221587619877e-05       8.421675986489e-03 
       1.319039970550e-05       9.069258192194e-03 
       1.424266598317e-05       9.766638404421e-03 
       1.537887697396e-05       1.051764069682e-02 
       1.660572938097e-05       1.132639105520e-02 
       1.793045413791e-05       1.219733231416e-02 
       1.936085902737e-05       1.313524224380e-02 
       2.090537469909e-05       1.414527121893e-02 
       2.257310435923e-05       1.523296272192e-02 
       2.437387742372e-05       1.640429444530e-02 
       2.631830745176e-05       1.766569582177e-02 
       2.841785470091e-05       1.902408601793e-02 
       3.068489367268e-05       2.048692970591e-02 
       3.313278604643e-05       2.206225513594e-02 
       3.577595943165e-05       2.375870704909e-02 
       3.862999240274e-05       2.558560727479e-02 
       4.171170631739e-05       2.755297763344e-02 
       4.503926445983e-05       2.967161927315e-02 
       4.863227909323e-05       3.195316450832e-02 
       5.251192705226e-05       3.441013519284e-02 
       5.670107455699e-05       3.705601722527e-02 
       6.122441198393e-05       3.990533413562e-02 
       6.610859938837e-05       4.297372168203e-02 
       7.138242363583e-05       4.627802141688e-02 
       7.707696806873e-05       4.983636194159e-02 
       8.322579570814e-05       5.366826847231e-02 
       8.986514707061e-05       5.779476394569e-02 
       9.703415376577e-05       6.223848243885e-02 
       1.047750691338e-04       6.702379865640e-02 
       1.131335172818e-04       7.217695153381e-02 
       1.221587619877e-04       7.772619073573e-02 
       1.319039970550e-04       8.370193432376e-02 
       1.424266598317e-04       9.013692507547e-02 
       1.537887697396e-04       9.706641242570e-02 
       1.660572938097e-04       1.045283354271e-01 
       1.793045413791e-04       1.125635349068e-01 
       1.936085902737e-04       1.212159614968e-01 
       2.090537469909e-04       1.305329132714e-01 
       2.257310435923e-04       1.405652846215e-01 
       2.437387742372e-04       1.513678302540e-01 
       2.631830745176e-04       1.629994504871e-01 
       2.841785470091e-04       1.755234921224e-01 
       3.068489367268e-04       1.890080670413e-01 
       3.313278604643e-04       2.035264002435e-01 
       3.577595943165e-04       2.191571803681e-01 
       3.862999240274e-04       2.359849437594e-01 
       4.171170631739e-04       2.541004741539e-01 
       4.503926445983e-04       2.736012080277e-01 
       4.863227909323e-04       2.945916790965e-01 
       5.251192705226e-04       3.171839525183e-01 
       5.670107455699e-04       3.414980764002e-01 
       6.122441198393e-04       3.676625413100e-01 
       6.610859938837e-04       3.958147252304e-01 
       7.138242363583e-04       4.261013284905e-01 
       7.707696806873e-04       4.586787792352e-01 
       8.322579570814e-04       4.937136001345e-01 
       8.986514707061e-04       5.313826801402e-01 
       9.703415376577e-04       5.718734972157e-01 
       1.047750691338e-03       6.153841629505e-01 
       1.131335172818e-03       6.621233239466e-01 
       1.221587619877e-03       7.123098220423e-01 
       1.319039970550e-03       7.661720584578e-01 
       1.424266598317e-03       8.239546297727e-01 
       1.537887697396e-03       8.859011173467e-01 
       1.660572938097e-03       9.522588006422e-01 
       1.793045413791e-03       1.023280099819e+00 
       1.936085902737e-03       1.099216304579e+00 
       2.090537469909e-03       1.180312990453e+00 
       2.257310435923e-03       1.266804115850e+00 
       2.437387742372e-03       1.358904853405e+00 
       2.631830745176e-03       1.456802683156e+00 
       2.841785470091e-03       1.560646890522e+00 
       3.068489367268e-03       1.670536062499e+00 
       3.313278604643e-03       1.786503852161e+00 
       3.577595943165e-03       1.908502930788e+00 
       3.862999240274e-03       2.036387730709e+00 
       4.171170631739e-03       2.169896178726e+00 
       4.503926445983e-03       2.308631878994e+00 
       4.863227909323e-03       2.452047290962e+00 
       5.251192705226e-03       2.599430628088e+00 
       5.670107455699e-03       2.749896931846e+00 
       6.122441198393e-03       2.902386513385e+00 
       6.610859938837e-03       3.055668698726e+00 
       7.138242363583e-03       3.208356461546e+00 
       7.707696806873e-03       3.358923893089e+00 
       8.322579570814e-03       3.505725595262e+00 
       8.986514707061e-03       3.647009711729e+00 
       9.703415376577e-03       3.780923304285e+00 
       1.047750691338e-02       3.905491556860e+00 
       1.131335172818e-02       4.018587641271e+00 
       1.221587619877e-02       4.117901586391e+00 
       1.319039970550e-02       4.200915358543e+00 
       1.424266598317e-02       4.264944177567e+00 
       1.537887697392e-02       4.307217484031e+00 
       1.660572938023e-02       4.325062467689e+00 
       1.793045412706e-02       4.316056746273e+00 
       1.936085890181e-02       4.278226607252e+00 
       2.090537352463e-02       4.210200725729e+00 
       2.257309535333e-02       4.111419783564e+00 
       2.437382002918e-02       3.982429688042e+00 
       2.631799944462e-02       3.825171428660e+00 
       2.841644545389e-02       3.643286939784e+00 
       3.067933355377e-02       3.442198287887e+00 
       3.311368470740e-02       3.229241940995e+00 
       3.571840443502e-02       3.013518371378e+00 
       3.847720348444e-02       2.805281412006e+00 
       4.135335538431e-02       2.614424046735e+00 
       4.429361667738e-02       2.448135559067e+00 
       4.724366439141e-02       2.309237282965e+00 
       5.016480835311e-02       2.196113073716e+00 
       5.303989620246e-02       2.104363977536e+00 
       5.586870669566e-02       2.028458305796e+00 
       5.866042680613e-02       1.963155193527e+00 
       6.142798932958e-02       1.903781454936e+00 
       6.418496440164e-02       1.846476528684e+00 
       6.694418833788e-02       1.788196812910e+00 
       6.971731106057e-02       1.726715248038e+00 
       7.251476155766e-02       1.660655059061e+00 
       7.534587671527e-02       1.589470867108e+00 
       7.821907666265e-02       1.513437811294e+00 
       8.114203772912e-02       1.433567335029e+00 
       8.412184535029e-02       1.351492373425e+00 
       8.716512279304e-02       1.269274275017e+00 
       9.027813695930e-02       1.189193818359e+00 
       9.346688431697e-02       1.113502239645e+00 
       9.673716028276e-02       1.044173695107e+00 
       1.000946150830e-01       9.827076883121e-01 
       1.035447986537e-01       9.299395204372e-01 
       1.070931966762e-01       8.859590076633e-01 
       1.107452594425e-01       8.500698804528e-01 
       1.145064249153e-01       8.208027582853e-01 
       1.183821370918e-01       7.960250988154e-01 
       1.223778605862e-01       7.731466808302e-01 
       1.264990921987e-01       7.494512852704e-01 
       1.307513701367e-01       7.225582395167e-01 
       1.351402814784e-01       6.909087158826e-01 
       1.396714684203e-01       6.541811246438e-01 
       1.443506338194e-01       6.134270796629e-01 
       1.491835465229e-01       5.708674036878e-01 
       1.541760469708e-01       5.293636202880e-01 
       1.593340535561e-01       4.917109143963e-01 
       1.646635702297e-01       4.599203669778e-01 
       1.701706958456e-01       4.347295951035e-01 
       1.758616357459e-01       4.154080579502e-01 
       1.817427160982e-01       3.999372827672e-01 
       1.878204015065e-01       3.856821917919e-01 
       1.941013164283e-01       3.698093645597e-01 
       2.005922709503e-01       3.505461550024e-01 
       2.073002914972e-01       3.280439441856e-01 
       2.142326570816e-01       3.042141319682e-01 
       2.213969417533e-01       2.816120606870e-01 
       2.288010639706e-01       2.622567693149e-01 
       2.364533437147e-01       2.469620471020e-01 
       2.443625682930e-01       2.350133950229e-01 
       2.525380679504e-01       2.244177839590e-01 
       2.609898026346e-01       2.130938326286e-01 
       2.697284615565e-01       2.001014539397e-01 
       2.787655775689e-01       1.860200791634e-01 
       2.881136588829e-01       1.725173453504e-01 
       2.977863412677e-01       1.610659028464e-01 
       3.077985646929e-01       1.517608326355e-01 
       3.181667794071e-01       1.435592605465e-01 
       3.289091877812e-01       1.351815648263e-01 
       3.400460299658e-01       1.261645049384e-01 
       3.515999236474e-01       1.172015759264e-01 
       3.635962711085e-01       1.091768351818e-01 
       3.760637506334e-01       1.023096647412e-01 
       3.890349143879e-01       9.593779844306e-02 
       4.025469216825e-01       8.950778928238e-02 
       4.166424456376e-01       8.311213787323e-02 
       4.313708035863e-01       7.721552803070e-02 
       4.467893782977e-01       7.190061919231e-02 
       4.629654199664e-01       6.686910641439e-02 
       4.799783501994e-01       6.191778050145e-02 
       4.979227319373e-01       5.722215985021e-02 
       5.169121270864e-01       5.290280439054e-02 
       5.370841404489e-01       4.876971086011e-02 
       5.586070464571e-01       4.479090590197e-02 
       5.816885094930e-01       4.105186473844e-02 
       6.065870144995e-01       3.748994902139e-02 
       6.336266468475e-01       3.407630563104e-02 
       6.632156059511e-01       3.083456052561e-02 
       6.958678639263e-01       2.772840306514e-02 
       7.322247985589e-01       2.476709957840e-02 
       7.730680195114e-01       2.193952686771e-02 
       8.193049553677e-01       1.925613803701e-02 
       8.718988016039e-01       1.672926138714e-02 
       9.317218031082e-01       1.438420077214e-02 
       9.993660908989e-01       1.225065846900e-02 
       1.075037110174e+00       1.035259187680e-02 
       1.158653485707e+00       8.699733411871e-03 
       1.250099157308e+00       7.284594228042e-03 
       1.349432401273e+00       6.085475306330e-03 
       1.456947457397e+00       5.075719847571e-03 
       1.573135111331e+00       4.228285940234e-03 
       1.698621895592e+00       3.518549859890e-03 
       1.834127512934e+00       2.924991210039e-03 
       1.980444934528e+00       2.429172571580e-03 
       2.138435191726e+00       2.015505031848e-03 
       2.309029199186e+00       1.670774096477e-03 
       2.493232377687e+00       1.383788960903e-03 
       2.692130395285e+00       1.145132271123e-03 
       2.906895534573e+00       9.468540634404e-04 
       3.138793597714e+00       7.822843272732e-04 
       3.389191366484e+00       6.458196382073e-04 
       3.659564657905e+00       5.327670736543e-04 
       3.951507022538e+00       4.391849315357e-04 
       4.266739136701e+00       3.617832316836e-04 
       4.607118943941e+00       2.978225934041e-04 
       4.974652605557e+00       2.450082520037e-04 
       5.371506324689e+00       2.014301680243e-04 
       5.800019113685e+00       1.655007119526e-04 
       6.262716579983e+00       1.358969556314e-04 
       6.762325811764e+00       1.115228694882e-04 
       7.301791451110e+00       9.146767071814e-05 
       7.884293049406e+00       7.497776394110e-05 
       8.513263807261e+00       6.142617260273e-05 
       9.192410809424e+00       5.029752552359e-05 
       9.925736873929e+00       4.116342802898e-05 
       1.071756414427e+01       3.367027954235e-05 
       1.157255956364e+01       2.752757972828e-05 
       1.249576238137e+01       2.249364441080e-05 
       1.349261385375e+01       1.837101342813e-05 
       1.456898931416e+01       1.499621661214e-05 
       1.573123280165e+01       1.223487170085e-05 
       1.698619445202e+01       9.976464014995e-06 
       1.834127087176e+01       8.130192901852e-06 
       1.980444873285e+01       6.621436586784e-06 
       2.138435184532e+01       5.388909556246e-06 
       2.309029198506e+01       4.382417298287e-06 
       2.493232377636e+01       3.560649567168e-06 
       2.692130395282e+01       2.889992347538e-06 
       2.906895534573e+01       2.342633152887e-06 
       3.138793597714e+01       1.896042705322e-06 
       3.389191366484e+01       1.531659101890e-06 
       3.659564657905e+01       1.234365039309e-06 
       3.951507022538e+01       9.917920895079e-07 
       4.266739136701e+01       7.938514699470e-07 
       4.607118943941e+01       6.323320557403e-07 
       4.974652605557e+01       5.005307073790e-07 
       5.371506324689e+01       3.930329468802e-07 
       5.800019113685e+01       3.054272826606e-07 
       6.262716579983e+01       2.341589249612e-07 
       6.762325811764e+01       1.763747199163e-07 
