# Matter power spectrum P(k) at redshift z=99
# for k=1.04775e-05 to 67.6233 h/Mpc,
# number of wavenumbers equal to 246
#    1:k (h/Mpc)              2:P (Mpc/h)^3        
       1.047750691338e-05       7.261927673119e-03 
       1.131335172818e-05       7.820331745737e-03 
       1.221587619877e-05       8.421675986489e-03 
       1.319039970550e-05       9.069258192194e-03 
       1.424266598317e-05       9.766638404421e-03 
       1.537887697396e-05       1.051764069682e-02 
       1.660572938097e-05       1.132639105520e-02 
       1.793045413791e-05       1.219733231416e-02 
       1.936085902737e-05       1.313524224380e-02 
       2.090537469909e-05       1.414527121893e-02 
       2.257310435923e-05       1.523296272192e-02 
       2.437387742372e-05       1.640429444530e-02 
       2.631830745176e-05       1.766569582177e-02 
       2.841785470091e-05       1.902408601793e-02 
       3.068489367268e-05       2.048692970591e-02 
       3.313278604643e-05       2.206225513594e-02 
       3.577595943165e-05       2.375870704909e-02 
       3.862999240274e-05       2.558560727479e-02 
       4.171170631739e-05       2.755297763344e-02 
       4.503926445983e-05       2.967161927316e-02 
       4.863227909323e-05       3.195316450832e-02 
       5.251192705226e-05       3.441013519284e-02 
       5.670107455699e-05       3.705601722523e-02 
       6.122441198393e-05       3.990533413562e-02 
       6.610859938837e-05       4.297372168203e-02 
       7.138242363583e-05       4.627802141688e-02 
       7.707696806873e-05       4.983636194159e-02 
       8.322579570814e-05       5.366826847231e-02 
       8.986514707061e-05       5.779476394568e-02 
       9.703415376577e-05       6.223848243885e-02 
       1.047750691338e-04       6.702379865640e-02 
       1.131335172818e-04       7.217695153381e-02 
       1.221587619877e-04       7.772619073571e-02 
       1.319039970550e-04       8.370193432377e-02 
       1.424266598317e-04       9.013692507547e-02 
       1.537887697396e-04       9.706641242570e-02 
       1.660572938097e-04       1.045283354271e-01 
       1.793045413791e-04       1.125635349068e-01 
       1.936085902737e-04       1.212159614968e-01 
       2.090537469909e-04       1.305329132714e-01 
       2.257310435923e-04       1.405652846215e-01 
       2.437387742372e-04       1.513678302540e-01 
       2.631830745176e-04       1.629994504871e-01 
       2.841785470091e-04       1.755234921224e-01 
       3.068489367268e-04       1.890080670413e-01 
       3.313278604643e-04       2.035264002435e-01 
       3.577595943165e-04       2.191571803681e-01 
       3.862999240274e-04       2.359849437593e-01 
       4.171170631739e-04       2.541004741539e-01 
       4.503926445983e-04       2.736012080278e-01 
       4.863227909323e-04       2.945916790965e-01 
       5.251192705226e-04       3.171839525182e-01 
       5.670107455699e-04       3.414980764002e-01 
       6.122441198393e-04       3.676625413100e-01 
       6.610859938837e-04       3.958147252304e-01 
       7.138242363583e-04       4.261013284905e-01 
       7.707696806873e-04       4.586787792350e-01 
       8.322579570814e-04       4.937136001362e-01 
       8.986514707061e-04       5.313826801402e-01 
       9.703415376577e-04       5.718734972158e-01 
       1.047750691338e-03       6.153841629505e-01 
       1.131335172818e-03       6.621233239465e-01 
       1.221587619877e-03       7.123098220421e-01 
       1.319039970550e-03       7.661720584527e-01 
       1.424266598317e-03       8.239546297733e-01 
       1.537887697396e-03       8.859011173466e-01 
       1.660572938097e-03       9.522588006422e-01 
       1.793045413791e-03       1.023280099819e+00 
       1.936085902737e-03       1.099216304579e+00 
       2.090537469909e-03       1.180312990453e+00 
       2.257310435923e-03       1.266804115852e+00 
       2.437387742372e-03       1.358904853405e+00 
       2.631830745176e-03       1.456802683156e+00 
       2.841785470091e-03       1.560646890522e+00 
       3.068489367268e-03       1.670536062501e+00 
       3.313278604643e-03       1.786503852160e+00 
       3.577595943165e-03       1.908502930789e+00 
       3.862999240274e-03       2.036387730709e+00 
       4.171170631739e-03       2.169896178770e+00 
       4.503926445983e-03       2.308631878994e+00 
       4.863227909323e-03       2.452047290962e+00 
       5.251192705226e-03       2.599430628088e+00 
       5.670107455699e-03       2.749896931811e+00 
       6.122441198393e-03       2.902386513384e+00 
       6.610859938837e-03       3.055668711200e+00 
       7.138242363583e-03       3.208356461542e+00 
       7.707696806873e-03       3.358923892714e+00 
       8.322579570814e-03       3.505724917200e+00 
       8.986514707061e-03       3.647008939562e+00 
       9.703415376577e-03       3.780923304288e+00 
       1.047750691338e-02       3.905491054294e+00 
       1.131335172818e-02       4.018587641369e+00 
       1.221587619877e-02       4.117901585660e+00 
       1.319039970550e-02       4.200915351025e+00 
       1.424266598317e-02       4.264942374660e+00 
       1.537887697392e-02       4.307220104910e+00 
       1.660572938023e-02       4.325063170742e+00 
       1.793045412706e-02       4.316059934236e+00 
       1.936085890181e-02       4.278228129611e+00 
       2.090537352463e-02       4.210200991838e+00 
       2.257309535333e-02       4.111417620029e+00 
       2.437382002918e-02       3.982419233565e+00 
       2.631799944462e-02       3.825173432821e+00 
       2.841644545389e-02       3.643286063724e+00 
       3.067933355377e-02       3.442194254346e+00 
       3.311368470740e-02       3.229229536409e+00 
       3.571840443502e-02       3.013512634701e+00 
       3.847720348444e-02       2.805282218566e+00 
       4.135335538431e-02       2.614411818265e+00 
       4.429361667738e-02       2.448127520760e+00 
       4.724366439141e-02       2.309233909593e+00 
       5.016480835311e-02       2.196116458920e+00 
       5.303989620246e-02       2.104366335852e+00 
       5.586870669566e-02       2.028466235589e+00 
       5.866042680613e-02       1.963153710846e+00 
       6.142798932958e-02       1.903780825037e+00 
       6.418496440164e-02       1.846479088322e+00 
       6.694418833788e-02       1.788195293535e+00 
       6.971731106057e-02       1.726717433935e+00 
       7.251476155766e-02       1.660654894407e+00 
       7.534587671527e-02       1.589471698401e+00 
       7.821907666265e-02       1.513437982059e+00 
       8.114203772912e-02       1.433571728909e+00 
       8.412184535029e-02       1.351489880546e+00 
       8.716512279304e-02       1.269275227907e+00 
       9.027813695930e-02       1.189196261023e+00 
       9.346688431697e-02       1.113500753563e+00 
       9.673716028276e-02       1.044175660015e+00 
       1.000946150830e-01       9.827060599997e-01 
       1.035447986537e-01       9.299393769973e-01 
       1.070931966762e-01       8.859584331022e-01 
       1.107452594425e-01       8.500717810989e-01 
       1.145064249153e-01       8.208029958552e-01 
       1.183821370918e-01       7.960263469427e-01 
       1.223778605862e-01       7.731466132731e-01 
       1.264990921987e-01       7.494547063881e-01 
       1.307513701367e-01       7.225586528271e-01 
       1.351402814784e-01       6.909086515118e-01 
       1.396714684203e-01       6.541808121149e-01 
       1.443506338194e-01       6.134261824320e-01 
       1.491835465229e-01       5.708679182799e-01 
       1.541760469708e-01       5.293620938556e-01 
       1.593340535561e-01       4.917113469033e-01 
       1.646635702297e-01       4.599196973792e-01 
       1.701706958456e-01       4.347294482917e-01 
       1.758616357459e-01       4.154092730693e-01 
       1.817427160982e-01       3.999369704167e-01 
       1.878204015065e-01       3.856823138350e-01 
       1.941013164283e-01       3.698094427917e-01 
       2.005922709503e-01       3.505462876303e-01 
       2.073002914972e-01       3.280432620276e-01 
       2.142326570816e-01       3.042141649069e-01 
       2.213969417533e-01       2.816113610057e-01 
       2.288010639706e-01       2.622569536528e-01 
       2.364533437147e-01       2.469624267795e-01 
       2.443625682930e-01       2.350129564456e-01 
       2.525380679504e-01       2.244179789755e-01 
       2.609898026346e-01       2.130936565570e-01 
       2.697284615565e-01       2.001013646449e-01 
       2.787655775689e-01       1.860202898391e-01 
       2.881136588829e-01       1.725171187322e-01 
       2.977863412677e-01       1.610663046192e-01 
       3.077985646929e-01       1.517605049306e-01 
       3.181667794071e-01       1.435595558829e-01 
       3.289091877812e-01       1.351817987008e-01 
       3.400460299658e-01       1.261642028772e-01 
       3.515999236474e-01       1.172022471633e-01 
       3.635962711085e-01       1.091769132582e-01 
       3.760637506334e-01       1.023095368819e-01 
       3.890349143879e-01       9.593771222735e-02 
       4.025469216825e-01       8.950785430055e-02 
       4.166424456376e-01       8.311182417181e-02 
       4.313708035863e-01       7.721559600914e-02 
       4.467893782977e-01       7.190081582984e-02 
       4.629654199664e-01       6.686902657493e-02 
       4.799783501994e-01       6.191765374132e-02 
       4.979227319373e-01       5.722215086172e-02 
       5.169121270864e-01       5.290284420157e-02 
       5.370841404489e-01       4.876997838718e-02 
       5.586070464571e-01       4.479090976075e-02 
       5.816885094930e-01       4.105175945640e-02 
       6.065870144995e-01       3.749003581447e-02 
       6.336266468475e-01       3.407637766575e-02 
       6.632156059511e-01       3.083459006917e-02 
       6.958678639263e-01       2.772836352194e-02 
       7.322247985589e-01       2.476709632707e-02 
       7.730680195114e-01       2.193954542093e-02 
       8.193049553677e-01       1.925609897374e-02 
       8.718988016039e-01       1.672925965347e-02 
       9.317218031082e-01       1.438417340990e-02 
       9.993660908989e-01       1.225059382634e-02 
       1.075037110174e+00       1.035256246297e-02 
       1.158653485707e+00       8.699648443117e-03 
       1.250099157308e+00       7.284481335254e-03 
       1.349432401273e+00       6.085379428254e-03 
       1.456947457397e+00       5.075627635450e-03 
       1.573135111331e+00       4.228171959030e-03 
       1.698621895592e+00       3.518425472194e-03 
       1.834127512934e+00       2.924844905856e-03 
       1.980444934528e+00       2.428996306231e-03 
       2.138435191726e+00       2.015328135667e-03 
       2.309029199186e+00       1.670573357116e-03 
       2.493232377687e+00       1.383565609912e-03 
       2.692130395285e+00       1.144886002940e-03 
       2.906895534573e+00       9.465868079044e-04 
       3.138793597714e+00       7.819943529619e-04 
       3.389191366484e+00       6.454994219192e-04 
       3.659564657905e+00       5.324118334958e-04 
       3.951507022538e+00       4.387918095933e-04 
       4.266739136701e+00       3.613621148508e-04 
       4.607118943941e+00       2.973610715589e-04 
       4.974652605557e+00       2.445045331069e-04 
       5.371506324689e+00       2.008806011920e-04 
       5.800019113685e+00       1.649044473648e-04 
       6.262716579983e+00       1.352476797470e-04 
       6.762325811764e+00       1.108184577902e-04 
       7.301791451110e+00       9.070506393718e-05 
       7.884293049406e+00       7.415215131418e-05 
       8.513263807261e+00       6.053585796377e-05 
       9.192410809424e+00       4.933809028063e-05 
       9.925736873929e+00       4.013193284484e-05 
       1.071756414427e+01       3.256397435140e-05 
       1.157255956364e+01       2.634411587157e-05 
       1.249576238137e+01       2.123226904965e-05 
       1.349261385375e+01       1.703124051318e-05 
       1.456898931416e+01       1.357952231954e-05 
       1.573123280165e+01       1.074444251826e-05 
       1.698619445202e+01       8.417617048241e-06 
       1.834127087176e+01       6.511054004498e-06 
       1.980444873285e+01       4.953452808995e-06 
       2.138435184532e+01       3.687231302587e-06 
       2.309029198506e+01       2.666359231975e-06 
       2.493232377636e+01       1.853967418206e-06 
       2.692130395282e+01       1.220601020827e-06 
       2.906895534573e+01       7.423654885729e-07 
       3.138793597714e+01       3.991609751820e-07 
       3.389191366484e+01       1.730013804518e-07 
       3.659564657905e+01       4.642640088865e-08 
       3.951507022538e+01       1.069725491897e-09 
       4.266739136701e+01       1.669651292143e-08 
       4.607118943941e+01       7.099287461075e-08 
       4.974652605557e+01       1.404428790761e-07 
       5.371506324689e+01       2.024085812773e-07 
       5.800019113685e+01       2.384611567631e-07 
       6.262716579983e+01       2.381047983342e-07 
       6.762325811764e+01       2.016734456263e-07 
