# Matter power spectrum P(k) at redshift z=0
# for k=1.04775e-05 to 67.6233 h/Mpc,
# number of wavenumbers equal to 246
#    1:k (h/Mpc)              2:P (Mpc/h)^3        
       1.047750691338e-05       5.020964806750e+01 
       1.131335172818e-05       5.407048206553e+01 
       1.221587619877e-05       5.822819063661e+01 
       1.319039970550e-05       6.270562589688e+01 
       1.424266598317e-05       6.752731788102e+01 
       1.537887697396e-05       7.271977200258e+01 
       1.660572938097e-05       7.831147241542e+01 
       1.793045413791e-05       8.433311815128e+01 
       1.936085902737e-05       9.081778242446e+01 
       2.090537469909e-05       9.780108061340e+01 
       2.257310435923e-05       1.053213197032e+02 
       2.437387742372e-05       1.134197377001e+02 
       2.631830745176e-05       1.221408202816e+02 
       2.841785470091e-05       1.315324720916e+02 
       3.068489367268e-05       1.416462093730e+02 
       3.313278604643e-05       1.525374500691e+02 
       3.577595943165e-05       1.642660687078e+02 
       3.862999240274e-05       1.768963504868e+02 
       4.171170631739e-05       1.904975992460e+02 
       4.503926445983e-05       2.051444490305e+02 
       4.863227909323e-05       2.209171463752e+02 
       5.251192705226e-05       2.379022222314e+02 
       5.670107455699e-05       2.561927925674e+02 
       6.122441198393e-05       2.758890441791e+02 
       6.610859938837e-05       2.970989225465e+02 
       7.138242363583e-05       3.199385558200e+02 
       7.707696806873e-05       3.445329780878e+02 
       8.322579570814e-05       3.710167315928e+02 
       8.986514707061e-05       3.995346440954e+02 
       9.703415376577e-05       4.302425403884e+02 
       1.047750691338e-04       4.633080762974e+02 
       1.131335172818e-04       4.989116267507e+02 
       1.221587619877e-04       5.372471946561e+02 
       1.319039970550e-04       5.785234124630e+02 
       1.424266598317e-04       6.229645930980e+02 
       1.537887697396e-04       6.708118484951e+02 
       1.660572938097e-04       7.223242660220e+02 
       1.793045413791e-04       7.777801554020e+02 
       1.936085902737e-04       8.374783607333e+02 
       2.090537469909e-04       9.017396264495e+02 
       2.257310435923e-04       9.709080260151e+02 
       2.437387742372e-04       1.045352448644e+03 
       2.631830745176e-04       1.125468122836e+03 
       2.841785470091e-04       1.211678179510e+03 
       3.068489367268e-04       1.304435249091e+03 
       3.313278604643e-04       1.404223052541e+03 
       3.577595943165e-04       1.511558013390e+03 
       3.862999240274e-04       1.626990836460e+03 
       4.171170631739e-04       1.751108027370e+03 
       4.503926445983e-04       1.884533381345e+03 
       4.863227909323e-04       2.027929376470e+03 
       5.251192705226e-04       2.181998446367e+03 
       5.670107455699e-04       2.347484100856e+03 
       6.122441198393e-04       2.525171869334e+03 
       6.610859938837e-04       2.715889981400e+03 
       7.138242363583e-04       2.920509686082e+03 
       7.707696806873e-04       3.139945097708e+03 
       8.322579570814e-04       3.375152334393e+03 
       8.986514707061e-04       3.627127828228e+03 
       9.703415376577e-04       3.896905450011e+03 
       1.047750691338e-03       4.185552170950e+03 
       1.131335172818e-03       4.494162426783e+03 
       1.221587619877e-03       4.823850702664e+03 
       1.319039970550e-03       5.175742738650e+03 
       1.424266598317e-03       5.551019592499e+03 
       1.537887697396e-03       5.950788335859e+03 
       1.660572938097e-03       6.376123046763e+03 
       1.793045413791e-03       6.828073896088e+03 
       1.936085902737e-03       7.307625375344e+03 
       2.090537469909e-03       7.815671907769e+03 
       2.257310435923e-03       8.352990369332e+03 
       2.437387742372e-03       8.920211057431e+03 
       2.631830745176e-03       9.517783061777e+03 
       2.841785470091e-03       1.014593703657e+04 
       3.068489367268e-03       1.080464505713e+04 
       3.313278604643e-03       1.149357459434e+04 
       3.577595943165e-03       1.221203620798e+04 
       3.862999240274e-03       1.295892538469e+04 
       4.171170631739e-03       1.373266002207e+04 
       4.503926445983e-03       1.453111834538e+04 
       4.863227909323e-03       1.535154982173e+04 
       5.251192705226e-03       1.619063601274e+04 
       5.670107455699e-03       1.704431255934e+04 
       6.122441198393e-03       1.790755945488e+04 
       6.610859938837e-03       1.877460368974e+04 
       7.138242363583e-03       1.963872451973e+04 
       7.707696806873e-03       2.049215712470e+04 
       8.322579570814e-03       2.132611391962e+04 
       8.986514707061e-03       2.213055035315e+04 
       9.703415376577e-03       2.289445554933e+04 
       1.047750691338e-02       2.360548244100e+04 
       1.131335172818e-02       2.425023311810e+04 
       1.221587619877e-02       2.481423936726e+04 
       1.319039970550e-02       2.528219171370e+04 
       1.424266598317e-02       2.563813808262e+04 
       1.537887697392e-02       2.586607234622e+04 
       1.660572938023e-02       2.595024788410e+04 
       1.793045412706e-02       2.587636105785e+04 
       1.936085890181e-02       2.563223003686e+04 
       2.090537352463e-02       2.520938358551e+04 
       2.257309535333e-02       2.460453133110e+04 
       2.437382002918e-02       2.382102492056e+04 
       2.631799944462e-02       2.287039811535e+04 
       2.841644545389e-02       2.177450265866e+04 
       3.067933355377e-02       2.056550477856e+04 
       3.311368470740e-02       1.928723028203e+04 
       3.571840443502e-02       1.799401942018e+04 
       3.847720348444e-02       1.674674988151e+04 
       4.135335538431e-02       1.560460461111e+04 
       4.429361667738e-02       1.461032434094e+04 
       4.724366439141e-02       1.378051231095e+04 
       5.016480835311e-02       1.310502585450e+04 
       5.303989620246e-02       1.255719485071e+04 
       5.586870669566e-02       1.210424721342e+04 
       5.866042680613e-02       1.171465913475e+04 
       6.142798932958e-02       1.136050462266e+04 
       6.418496440164e-02       1.101860454941e+04 
       6.694418833788e-02       1.067064212578e+04 
       6.971731106057e-02       1.030350663607e+04 
       7.251476155766e-02       9.909060046473e+03 
       7.534587671527e-02       9.483653075017e+03 
       7.821907666265e-02       9.029380350905e+03 
       8.114203772912e-02       8.552188876916e+03 
       8.412184535029e-02       8.061952056888e+03 
       8.716512279304e-02       7.570779416608e+03 
       9.027813695930e-02       7.092479238121e+03 
       9.346688431697e-02       6.640523256657e+03 
       9.673716028276e-02       6.226718557354e+03 
       1.000946150830e-01       5.859945189185e+03 
       1.035447986537e-01       5.545272354920e+03 
       1.070931966762e-01       5.283153274452e+03 
       1.107452594425e-01       5.069436222985e+03 
       1.145064249153e-01       4.895248538690e+03 
       1.183821370918e-01       4.747859894169e+03 
       1.223778605862e-01       4.611733620324e+03 
       1.264990921987e-01       4.470613033040e+03 
       1.307513701367e-01       4.310252573612e+03 
       1.351402814784e-01       4.121392323817e+03 
       1.396714684203e-01       3.902074945958e+03 
       1.443506338194e-01       3.658648678695e+03 
       1.491835465229e-01       3.404472019428e+03 
       1.541760469708e-01       3.156653390517e+03 
       1.593340535561e-01       2.931930028398e+03 
       1.646635702297e-01       2.742348377610e+03 
       1.701706958456e-01       2.592230996309e+03 
       1.758616357459e-01       2.477215634355e+03 
       1.817427160982e-01       2.385156639459e+03 
       1.878204015065e-01       2.300337232075e+03 
       1.941013164283e-01       2.205708551142e+03 
       2.005922709503e-01       2.090807137828e+03 
       2.073002914972e-01       1.956462697429e+03 
       2.142326570816e-01       1.814174953339e+03 
       2.213969417533e-01       1.679260187915e+03 
       2.288010639706e-01       1.563825570549e+03 
       2.364533437147e-01       1.472659696694e+03 
       2.443625682930e-01       1.401496828918e+03 
       2.525380679504e-01       1.338393632348e+03 
       2.609898026346e-01       1.270887357154e+03 
       2.697284615565e-01       1.193362066357e+03 
       2.787655775689e-01       1.109317595686e+03 
       2.881136588829e-01       1.028741171632e+03 
       2.977863412677e-01       9.604524531116e+02 
       3.077985646929e-01       9.049948148841e+02 
       3.181667794071e-01       8.561166778334e+02 
       3.289091877812e-01       8.061540483276e+02 
       3.400460299658e-01       7.523617243951e+02 
       3.515999236474e-01       6.988877081392e+02 
       3.635962711085e-01       6.510270968784e+02 
       3.760637506334e-01       6.100854090361e+02 
       3.890349143879e-01       5.720913510640e+02 
       4.025469216825e-01       5.337413968360e+02 
       4.166424456376e-01       4.955891960112e+02 
       4.313708035863e-01       4.604240027362e+02 
       4.467893782977e-01       4.287298522889e+02 
       4.629654199664e-01       3.987227388753e+02 
       4.799783501994e-01       3.691896476455e+02 
       4.979227319373e-01       3.411848715665e+02 
       5.169121270864e-01       3.154269243212e+02 
       5.370841404489e-01       2.907731132983e+02 
       5.586070464571e-01       2.670429009222e+02 
       5.816885094930e-01       2.447409868743e+02 
       6.065870144995e-01       2.234940655040e+02 
       6.336266468475e-01       2.031331812899e+02 
       6.632156059511e-01       1.837964474108e+02 
       6.958678639263e-01       1.652659776014e+02 
       7.322247985589e-01       1.476007061531e+02 
       7.730680195114e-01       1.307312510351e+02 
       8.193049553677e-01       1.147202916674e+02 
       8.718988016039e-01       9.964188827293e+01 
       9.317218031082e-01       8.564583081654e+01 
       9.993660908989e-01       7.290973932454e+01 
       1.075037110174e+00       6.157597088329e+01 
       1.158653485707e+00       5.170265597040e+01 
       1.250099157308e+00       4.324569084665e+01 
       1.349432401273e+00       3.607501913099e+01 
       1.456947457397e+00       3.003150332753e+01 
       1.573135111331e+00       2.495464591694e+01 
       1.698621895592e+00       2.069656788910e+01 
       1.834127512934e+00       1.712964578787e+01 
       1.980444934528e+00       1.414350297912e+01 
       2.138435191726e+00       1.164538834008e+01 
       2.309029199186e+00       9.556392494129e+00 
       2.493232377687e+00       7.810129825184e+00 
       2.692130395285e+00       6.350574406627e+00 
       2.906895534573e+00       5.130959931843e+00 
       3.138793597714e+00       4.111918776249e+00 
       3.389191366484e+00       3.260980834317e+00 
       3.659564657905e+00       2.551236909669e+00 
       3.951507022538e+00       1.960707587997e+00 
       4.266739136701e+00       1.471583347464e+00 
       4.607118943941e+00       1.069702260124e+00 
       4.974652605557e+00       7.439350998767e-01 
       5.371506324689e+00       4.857059696733e-01 
       5.800019113685e+00       2.883321179099e-01 
       6.262716579983e+00       1.464213798365e-01 
       6.762325811764e+00       5.505136391358e-02 
       7.301791451110e+00       8.898661839952e-03 
       7.884293049406e+00       1.293630435150e-03 
       8.513263807261e+00       2.343533842752e-02 
       9.192410809424e+00       6.400189703630e-02 
       9.925736873929e+00       1.095500814120e-01 
       1.071756414427e+01       1.460488608120e-01 
       1.157255956364e+01       1.616424054615e-01 
       1.249576238137e+01       1.502048362705e-01 
       1.349261385375e+01       1.143794445440e-01 
       1.456898931416e+01       6.619068190608e-02 
       1.573123280165e+01       2.339684619546e-02 
       1.698619445202e+01       1.488526541638e-03 
       1.834127087176e+01       4.661737726004e-03 
       1.980444873285e+01       2.202576449944e-02 
       2.138435184532e+01       3.439105920537e-02 
       2.309029198506e+01       2.939432368889e-02 
       2.493232377636e+01       1.251980315393e-02 
       2.692130395282e+01       7.495179125238e-04 
       2.906895534573e+01       2.579165307694e-03 
       3.138793597714e+01       8.453693466083e-03 
       3.389191366484e+01       6.605839384182e-03 
       3.659564657905e+01       9.363651595415e-04 
       3.951507022538e+01       6.272410562011e-04 
       4.266739136701e+01       2.364340928952e-03 
       4.607118943941e+01       8.411642219419e-04 
       4.974652605557e+01       7.190120024394e-05 
       5.371506324689e+01       6.396738181323e-04 
       5.800019113685e+01       9.875505537546e-05 
       6.262716579983e+01       1.147030301193e-04 
       6.762325811764e+01       8.672167494879e-05 
