# Matter power spectrum P(k) at redshift z=0
# for k=1.04775e-05 to 67.6233 h/Mpc,
# number of wavenumbers equal to 246
#    1:k (h/Mpc)              2:P (Mpc/h)^3        
       1.047750691338e-05       5.020964806751e+01 
       1.131335172818e-05       5.407048206554e+01 
       1.221587619877e-05       5.822819063963e+01 
       1.319039970550e-05       6.270562589673e+01 
       1.424266598317e-05       6.752731788102e+01 
       1.537887697396e-05       7.271977200257e+01 
       1.660572938097e-05       7.831147241541e+01 
       1.793045413791e-05       8.433311815128e+01 
       1.936085902737e-05       9.081778242446e+01 
       2.090537469909e-05       9.780108061339e+01 
       2.257310435923e-05       1.053213197032e+02 
       2.437387742372e-05       1.134197377001e+02 
       2.631830745176e-05       1.221408202816e+02 
       2.841785470091e-05       1.315324720916e+02 
       3.068489367268e-05       1.416462093729e+02 
       3.313278604643e-05       1.525374500691e+02 
       3.577595943165e-05       1.642660687078e+02 
       3.862999240274e-05       1.768963504868e+02 
       4.171170631739e-05       1.904975992461e+02 
       4.503926445983e-05       2.051444490305e+02 
       4.863227909323e-05       2.209171463752e+02 
       5.251192705226e-05       2.379022222314e+02 
       5.670107455699e-05       2.561927925852e+02 
       6.122441198393e-05       2.758890441791e+02 
       6.610859938837e-05       2.970989225466e+02 
       7.138242363583e-05       3.199385558200e+02 
       7.707696806873e-05       3.445329780878e+02 
       8.322579570814e-05       3.710167315928e+02 
       8.986514707061e-05       3.995346440954e+02 
       9.703415376577e-05       4.302425403884e+02 
       1.047750691338e-04       4.633080762974e+02 
       1.131335172818e-04       4.989116267507e+02 
       1.221587619877e-04       5.372471946561e+02 
       1.319039970550e-04       5.785234124633e+02 
       1.424266598317e-04       6.229645930980e+02 
       1.537887697396e-04       6.708118484951e+02 
       1.660572938097e-04       7.223242660220e+02 
       1.793045413791e-04       7.777801554098e+02 
       1.936085902737e-04       8.374783607333e+02 
       2.090537469909e-04       9.017396264495e+02 
       2.257310435923e-04       9.709080260152e+02 
       2.437387742372e-04       1.045352448644e+03 
       2.631830745176e-04       1.125468122835e+03 
       2.841785470091e-04       1.211678179511e+03 
       3.068489367268e-04       1.304435249091e+03 
       3.313278604643e-04       1.404223052541e+03 
       3.577595943165e-04       1.511558013390e+03 
       3.862999240274e-04       1.626990836418e+03 
       4.171170631739e-04       1.751108027370e+03 
       4.503926445983e-04       1.884533381345e+03 
       4.863227909323e-04       2.027929376470e+03 
       5.251192705226e-04       2.181998446367e+03 
       5.670107455699e-04       2.347484100857e+03 
       6.122441198393e-04       2.525171869337e+03 
       6.610859938837e-04       2.715889981400e+03 
       7.138242363583e-04       2.920509686092e+03 
       7.707696806873e-04       3.139945097711e+03 
       8.322579570814e-04       3.375152334396e+03 
       8.986514707061e-04       3.627127828231e+03 
       9.703415376577e-04       3.896905450016e+03 
       1.047750691338e-03       4.185552170959e+03 
       1.131335172818e-03       4.494162426791e+03 
       1.221587619877e-03       4.823850702675e+03 
       1.319039970550e-03       5.175742738141e+03 
       1.424266598317e-03       5.551019592521e+03 
       1.537887697396e-03       5.950788335880e+03 
       1.660572938097e-03       6.376123046807e+03 
       1.793045413791e-03       6.828073896121e+03 
       1.936085902737e-03       7.307625375386e+03 
       2.090537469909e-03       7.815671855397e+03 
       2.257310435923e-03       8.352990369399e+03 
       2.437387742372e-03       8.920211057541e+03 
       2.631830745176e-03       9.517783061890e+03 
       2.841785470091e-03       1.014593703671e+04 
       3.068489367268e-03       1.080464505736e+04 
       3.313278604643e-03       1.149357459450e+04 
       3.577595943165e-03       1.221203620826e+04 
       3.862999240274e-03       1.295892538505e+04 
       4.171170631739e-03       1.373266002224e+04 
       4.503926445983e-03       1.453111834595e+04 
       4.863227909323e-03       1.535154984227e+04 
       5.251192705226e-03       1.619063613436e+04 
       5.670107455699e-03       1.704431256599e+04 
       6.122441198393e-03       1.790755938454e+04 
       6.610859938837e-03       1.877460422721e+04 
       7.138242363583e-03       1.963872429096e+04 
       7.707696806873e-03       2.049215713580e+04 
       8.322579570814e-03       2.132607230432e+04 
       8.986514707061e-03       2.213055218514e+04 
       9.703415376577e-03       2.289445470776e+04 
       1.047750691338e-02       2.360548237518e+04 
       1.131335172818e-02       2.425022856786e+04 
       1.221587619877e-02       2.481423921004e+04 
       1.319039970550e-02       2.528218778917e+04 
       1.424266598317e-02       2.563814392396e+04 
       1.537887697392e-02       2.586608726167e+04 
       1.660572938023e-02       2.595027717922e+04 
       1.793045412706e-02       2.587634115772e+04 
       1.936085890181e-02       2.563219930978e+04 
       2.090537352463e-02       2.520933897903e+04 
       2.257309535333e-02       2.460447850763e+04 
       2.437382002918e-02       2.382090035719e+04 
       2.631799944462e-02       2.287045297181e+04 
       2.841644545389e-02       2.177450967355e+04 
       3.067933355377e-02       2.056557611683e+04 
       3.311368470740e-02       1.928731119927e+04 
       3.571840443502e-02       1.799403151864e+04 
       3.847720348444e-02       1.674677658814e+04 
       4.135335538431e-02       1.560458774572e+04 
       4.429361667738e-02       1.461036506180e+04 
       4.724366439141e-02       1.378053682914e+04 
       5.016480835311e-02       1.310509204849e+04 
       5.303989620246e-02       1.255716266976e+04 
       5.586870669566e-02       1.210424393744e+04 
       5.866042680613e-02       1.171464530348e+04 
       6.142798932958e-02       1.136045270069e+04 
       6.418496440164e-02       1.101855791984e+04 
       6.694418833788e-02       1.067067437039e+04 
       6.971731106057e-02       1.030358432187e+04 
       7.251476155766e-02       9.909003312254e+03 
       7.534587671527e-02       9.483780028171e+03 
       7.821907666265e-02       9.029485984216e+03 
       8.114203772912e-02       8.552333624549e+03 
       8.412184535029e-02       8.061970256726e+03 
       8.716512279304e-02       7.570751724001e+03 
       9.027813695930e-02       7.092506490500e+03 
       9.346688431697e-02       6.640496175663e+03 
       9.673716028276e-02       6.226722804505e+03 
       1.000946150830e-01       5.859936874718e+03 
       1.035447986537e-01       5.545243237975e+03 
       1.070931966762e-01       5.283120359517e+03 
       1.107452594425e-01       5.069419028877e+03 
       1.145064249153e-01       4.895239267306e+03 
       1.183821370918e-01       4.747838585585e+03 
       1.223778605862e-01       4.611748656383e+03 
       1.264990921987e-01       4.470618406733e+03 
       1.307513701367e-01       4.310261417603e+03 
       1.351402814784e-01       4.121389811552e+03 
       1.396714684203e-01       3.902076185985e+03 
       1.443506338194e-01       3.658633977076e+03 
       1.491835465229e-01       3.404481589866e+03 
       1.541760469708e-01       3.156671427807e+03 
       1.593340535561e-01       2.931980945572e+03 
       1.646635702297e-01       2.742365865366e+03 
       1.701706958456e-01       2.592257053774e+03 
       1.758616357459e-01       2.477242272352e+03 
       1.817427160982e-01       2.385187776121e+03 
       1.878204015065e-01       2.300361353381e+03 
       1.941013164283e-01       2.205758269802e+03 
       2.005922709503e-01       2.090813780733e+03 
       2.073002914972e-01       1.956464432672e+03 
       2.142326570816e-01       1.814191810669e+03 
       2.213969417533e-01       1.679293890012e+03 
       2.288010639706e-01       1.563850323062e+03 
       2.364533437147e-01       1.472690249730e+03 
       2.443625682930e-01       1.401512238821e+03 
       2.525380679504e-01       1.338415739912e+03 
       2.609898026346e-01       1.270904374749e+03 
       2.697284615565e-01       1.193386093686e+03 
       2.787655775689e-01       1.109338834008e+03 
       2.881136588829e-01       1.028772870232e+03 
       2.977863412677e-01       9.604833909886e+02 
       3.077985646929e-01       9.050258148327e+02 
       3.181667794071e-01       8.561478970763e+02 
       3.289091877812e-01       8.061886467506e+02 
       3.400460299658e-01       7.523914798606e+02 
       3.515999236474e-01       6.989222798203e+02 
       3.635962711085e-01       6.510644857179e+02 
       3.760637506334e-01       6.101214689739e+02 
       3.890349143879e-01       5.721334149256e+02 
       4.025469216825e-01       5.337835385413e+02 
       4.166424456376e-01       4.956319112626e+02 
       4.313708035863e-01       4.604697849543e+02 
       4.467893782977e-01       4.287800389549e+02 
       4.629654199664e-01       3.987728210233e+02 
       4.799783501994e-01       3.692426762800e+02 
       4.979227319373e-01       3.412407046385e+02 
       5.169121270864e-01       3.154847134239e+02 
       5.370841404489e-01       2.908351138935e+02 
       5.586070464571e-01       2.671076547787e+02 
       5.816885094930e-01       2.448106852428e+02 
       6.065870144995e-01       2.235682712371e+02 
       6.336266468475e-01       2.032107040230e+02 
       6.632156059511e-01       1.838790572107e+02 
       6.958678639263e-01       1.653547232320e+02 
       7.322247985589e-01       1.476961802131e+02 
       7.730680195114e-01       1.308336863955e+02 
       8.193049553677e-01       1.148312352068e+02 
       8.718988016039e-01       9.976281090226e+01 
       9.317218031082e-01       8.577835750456e+01 
       9.993660908989e-01       7.305486223016e+01 
       1.075037110174e+00       6.173614289159e+01 
       1.158653485707e+00       5.187930098548e+01 
       1.250099157308e+00       4.344044727636e+01 
       1.349432401273e+00       3.628963303524e+01 
       1.456947457397e+00       3.026811132636e+01 
       1.573135111331e+00       2.521463293845e+01 
       1.698621895592e+00       2.098215861156e+01 
       1.834127512934e+00       1.744249802780e+01 
       1.980444934528e+00       1.448578848756e+01 
       2.138435191726e+00       1.201896971914e+01 
       2.309029199186e+00       9.963254291293e+00 
       2.493232377687e+00       8.251892095420e+00 
       2.692130395285e+00       6.828619316849e+00 
       2.906895534573e+00       5.646295149814e+00 
       3.138793597714e+00       4.664931381360e+00 
       3.389191366484e+00       3.851145503133e+00 
       3.659564657905e+00       3.176971147592e+00 
       3.951507022538e+00       2.618910588152e+00 
       4.266739136701e+00       2.157358337619e+00 
       4.607118943941e+00       1.775961560076e+00 
       4.974652605557e+00       1.460996948852e+00 
       5.371506324689e+00       1.201141931808e+00 
       5.800019113685e+00       9.868895103291e-01 
       6.262716579983e+00       8.103554327198e-01 
       6.762325811764e+00       6.650148957671e-01 
       7.301791451110e+00       5.454281377381e-01 
       7.884293049406e+00       4.471024496465e-01 
       8.513263807261e+00       3.663022487301e-01 
       9.192410809424e+00       2.999443439002e-01 
       9.925736873929e+00       2.454820603137e-01 
       1.071756414427e+01       2.008095834658e-01 
       1.157255956364e+01       1.641858749415e-01 
       1.249576238137e+01       1.341787452101e-01 
       1.349261385375e+01       1.096029632587e-01 
       1.456898931416e+01       8.948967407842e-02 
       1.573123280165e+01       7.303450078004e-02 
       1.698619445202e+01       5.957861004498e-02 
       1.834127087176e+01       4.858147868631e-02 
       1.980444873285e+01       3.959740023671e-02 
       2.138435184532e+01       3.226122363362e-02 
       2.309029198506e+01       2.627361860269e-02 
       2.493232377636e+01       2.138850422542e-02 
       2.692130395282e+01       1.740482049821e-02 
       2.906895534573e+01       1.415753907630e-02 
       3.138793597714e+01       1.151131166399e-02 
       3.389191366484e+01       9.356034549440e-03 
       3.659564657905e+01       7.601271926321e-03 
       3.951507022538e+01       6.173138411451e-03 
       4.266739136701e+01       5.011158022827e-03 
       4.607118943941e+01       4.066269282084e-03 
       4.974652605557e+01       3.298039464954e-03 
       5.371506324689e+01       2.673728427806e-03 
       5.800019113685e+01       2.166599358971e-03 
       6.262716579983e+01       1.754759785308e-03 
       6.762325811764e+01       1.420479569301e-03 
