# Matter power spectrum P(k) at redshift z=0
# for k=1.04775e-05 to 67.6233 h/Mpc,
# number of wavenumbers equal to 246
#    1:k (h/Mpc)              2:P (Mpc/h)^3        
       1.047750691338e-05       5.020964806750e+01 
       1.131335172818e-05       5.407048206553e+01 
       1.221587619877e-05       5.822819063969e+01 
       1.319039970550e-05       6.270562589678e+01 
       1.424266598317e-05       6.752731788102e+01 
       1.537887697396e-05       7.271977200258e+01 
       1.660572938097e-05       7.831147241541e+01 
       1.793045413791e-05       8.433311815128e+01 
       1.936085902737e-05       9.081778242446e+01 
       2.090537469909e-05       9.780108061341e+01 
       2.257310435923e-05       1.053213197032e+02 
       2.437387742372e-05       1.134197377001e+02 
       2.631830745176e-05       1.221408202815e+02 
       2.841785470091e-05       1.315324720917e+02 
       3.068489367268e-05       1.416462093728e+02 
       3.313278604643e-05       1.525374500691e+02 
       3.577595943165e-05       1.642660687078e+02 
       3.862999240274e-05       1.768963504868e+02 
       4.171170631739e-05       1.904975992460e+02 
       4.503926445983e-05       2.051444490305e+02 
       4.863227909323e-05       2.209171463752e+02 
       5.251192705226e-05       2.379022222314e+02 
       5.670107455699e-05       2.561927925887e+02 
       6.122441198393e-05       2.758890441792e+02 
       6.610859938837e-05       2.970989225465e+02 
       7.138242363583e-05       3.199385558200e+02 
       7.707696806873e-05       3.445329780878e+02 
       8.322579570814e-05       3.710167315928e+02 
       8.986514707061e-05       3.995346440954e+02 
       9.703415376577e-05       4.302425403884e+02 
       1.047750691338e-04       4.633080762974e+02 
       1.131335172818e-04       4.989116267507e+02 
       1.221587619877e-04       5.372471946561e+02 
       1.319039970550e-04       5.785234124631e+02 
       1.424266598317e-04       6.229645929806e+02 
       1.537887697396e-04       6.708118484951e+02 
       1.660572938097e-04       7.223242660220e+02 
       1.793045413791e-04       7.777801554349e+02 
       1.936085902737e-04       8.374783607333e+02 
       2.090537469909e-04       9.017396264495e+02 
       2.257310435923e-04       9.709080260152e+02 
       2.437387742372e-04       1.045352448644e+03 
       2.631830745176e-04       1.125468122836e+03 
       2.841785470091e-04       1.211678179510e+03 
       3.068489367268e-04       1.304435249091e+03 
       3.313278604643e-04       1.404223052541e+03 
       3.577595943165e-04       1.511558013390e+03 
       3.862999240274e-04       1.626990836473e+03 
       4.171170631739e-04       1.751108027370e+03 
       4.503926445983e-04       1.884533381345e+03 
       4.863227909323e-04       2.027929376470e+03 
       5.251192705226e-04       2.181998446367e+03 
       5.670107455699e-04       2.347484100857e+03 
       6.122441198393e-04       2.525171869336e+03 
       6.610859938837e-04       2.715889981401e+03 
       7.138242363583e-04       2.920509686082e+03 
       7.707696806873e-04       3.139945097709e+03 
       8.322579570814e-04       3.375152334395e+03 
       8.986514707061e-04       3.627127828229e+03 
       9.703415376577e-04       3.896905450014e+03 
       1.047750691338e-03       4.185552170952e+03 
       1.131335172818e-03       4.494162426788e+03 
       1.221587619877e-03       4.823850702663e+03 
       1.319039970550e-03       5.175742738742e+03 
       1.424266598317e-03       5.551019592514e+03 
       1.537887697396e-03       5.950788335877e+03 
       1.660572938097e-03       6.376123046756e+03 
       1.793045413791e-03       6.828073896106e+03 
       1.936085902737e-03       7.307625375370e+03 
       2.090537469909e-03       7.815671862350e+03 
       2.257310435923e-03       8.352990369364e+03 
       2.437387742372e-03       8.920211057509e+03 
       2.631830745176e-03       9.517783061847e+03 
       2.841785470091e-03       1.014593703666e+04 
       3.068489367268e-03       1.080464505726e+04 
       3.313278604643e-03       1.149357459462e+04 
       3.577595943165e-03       1.221203620815e+04 
       3.862999240274e-03       1.295892538492e+04 
       4.171170631739e-03       1.373266002332e+04 
       4.503926445983e-03       1.453111834574e+04 
       4.863227909323e-03       1.535154983449e+04 
       5.251192705226e-03       1.619063608830e+04 
       5.670107455699e-03       1.704431256383e+04 
       6.122441198393e-03       1.790755941123e+04 
       6.610859938837e-03       1.877460417752e+04 
       7.138242363583e-03       1.963872437863e+04 
       7.707696806873e-03       2.049215713049e+04 
       8.322579570814e-03       2.132607266975e+04 
       8.986514707061e-03       2.213055191858e+04 
       9.703415376577e-03       2.289445505001e+04 
       1.047750691338e-02       2.360548672941e+04 
       1.131335172818e-02       2.425022748636e+04 
       1.221587619877e-02       2.481423934539e+04 
       1.319039970550e-02       2.528218834974e+04 
       1.424266598317e-02       2.563814508928e+04 
       1.537887697392e-02       2.586606397882e+04 
       1.660572938023e-02       2.595027901389e+04 
       1.793045412706e-02       2.587635268535e+04 
       1.936085890181e-02       2.563217697676e+04 
       2.090537352463e-02       2.520935178507e+04 
       2.257309535333e-02       2.460448674889e+04 
       2.437382002918e-02       2.382087616512e+04 
       2.631799944462e-02       2.287041660465e+04 
       2.841644545389e-02       2.177446858086e+04 
       3.067933355377e-02       2.056557684902e+04 
       3.311368470740e-02       1.928732338010e+04 
       3.571840443502e-02       1.799394052311e+04 
       3.847720348444e-02       1.674681763908e+04 
       4.135335538431e-02       1.560452369321e+04 
       4.429361667738e-02       1.461032707300e+04 
       4.724366439141e-02       1.378054909305e+04 
       5.016480835311e-02       1.310503007350e+04 
       5.303989620246e-02       1.255715748062e+04 
       5.586870669566e-02       1.210422642184e+04 
       5.866042680613e-02       1.171471418116e+04 
       6.142798932958e-02       1.136053064249e+04 
       6.418496440164e-02       1.101860649768e+04 
       6.694418833788e-02       1.067073010808e+04 
       6.971731106057e-02       1.030363239169e+04 
       7.251476155766e-02       9.909049379096e+03 
       7.534587671527e-02       9.483733156771e+03 
       7.821907666265e-02       9.029463305623e+03 
       8.114203772912e-02       8.552340903210e+03 
       8.412184535029e-02       8.061973021501e+03 
       8.716512279304e-02       7.570792091476e+03 
       9.027813695930e-02       7.092497643251e+03 
       9.346688431697e-02       6.640553568779e+03 
       9.673716028276e-02       6.226752107814e+03 
       1.000946150830e-01       5.859981271486e+03 
       1.035447986537e-01       5.545301748039e+03 
       1.070931966762e-01       5.283143236081e+03 
       1.107452594425e-01       5.069429853129e+03 
       1.145064249153e-01       4.895253190548e+03 
       1.183821370918e-01       4.747855611626e+03 
       1.223778605862e-01       4.611735505467e+03 
       1.264990921987e-01       4.470621611325e+03 
       1.307513701367e-01       4.310284498124e+03 
       1.351402814784e-01       4.121377205453e+03 
       1.396714684203e-01       3.902076966617e+03 
       1.443506338194e-01       3.658657584001e+03 
       1.491835465229e-01       3.404477348720e+03 
       1.541760469708e-01       3.156662132937e+03 
       1.593340535561e-01       2.931934837400e+03 
       1.646635702297e-01       2.742355634127e+03 
       1.701706958456e-01       2.592239973192e+03 
       1.758616357459e-01       2.477220153025e+03 
       1.817427160982e-01       2.385158753264e+03 
       1.878204015065e-01       2.300351622299e+03 
       1.941013164283e-01       2.205723903479e+03 
       2.005922709503e-01       2.090836268898e+03 
       2.073002914972e-01       1.956462127339e+03 
       2.142326570816e-01       1.814173516805e+03 
       2.213969417533e-01       1.679270982862e+03 
       2.288010639706e-01       1.563836669336e+03 
       2.364533437147e-01       1.472672413166e+03 
       2.443625682930e-01       1.401514237533e+03 
       2.525380679504e-01       1.338424185414e+03 
       2.609898026346e-01       1.270901607923e+03 
       2.697284615565e-01       1.193359062134e+03 
       2.787655775689e-01       1.109331204257e+03 
       2.881136588829e-01       1.028762153212e+03 
       2.977863412677e-01       9.604741597314e+02 
       3.077985646929e-01       9.050154088469e+02 
       3.181667794071e-01       8.561357638505e+02 
       3.289091877812e-01       8.061794715034e+02 
       3.400460299658e-01       7.523830349308e+02 
       3.515999236474e-01       6.989139711840e+02 
       3.635962711085e-01       6.510505375989e+02 
       3.760637506334e-01       6.101179694004e+02 
       3.890349143879e-01       5.721257291642e+02 
       4.025469216825e-01       5.337747957319e+02 
       4.166424456376e-01       4.956232171073e+02 
       4.313708035863e-01       4.604629692296e+02 
       4.467893782977e-01       4.287697203773e+02 
       4.629654199664e-01       3.987681325408e+02 
       4.799783501994e-01       3.692347373013e+02 
       4.979227319373e-01       3.412363364892e+02 
       5.169121270864e-01       3.154769877426e+02 
       5.370841404489e-01       2.908294066459e+02 
       5.586070464571e-01       2.671006958486e+02 
       5.816885094930e-01       2.448038553279e+02 
       6.065870144995e-01       2.235628276055e+02 
       6.336266468475e-01       2.032054513559e+02 
       6.632156059511e-01       1.838751783202e+02 
       6.958678639263e-01       1.653507363473e+02 
       7.322247985589e-01       1.476921585856e+02 
       7.730680195114e-01       1.308297835769e+02 
       8.193049553677e-01       1.148271743851e+02 
       8.718988016039e-01       9.975879006559e+01 
       9.317218031082e-01       8.577475752718e+01 
       9.993660908989e-01       7.305021588762e+01 
       1.075037110174e+00       6.173111531459e+01 
       1.158653485707e+00       5.187381997448e+01 
       1.250099157308e+00       4.343439250602e+01 
       1.349432401273e+00       3.628308404074e+01 
       1.456947457397e+00       3.026118716930e+01 
       1.573135111331e+00       2.520704251832e+01 
       1.698621895592e+00       2.097383806142e+01 
       1.834127512934e+00       1.743334950924e+01 
       1.980444934528e+00       1.447579683325e+01 
       2.138435191726e+00       1.200803538639e+01 
       2.309029199186e+00       9.951269923945e+00 
       2.493232377687e+00       8.238768375696e+00 
       2.692130395285e+00       6.814323187440e+00 
       2.906895534573e+00       5.630613483337e+00 
       3.138793597714e+00       4.647812199805e+00 
       3.389191366484e+00       3.832447683450e+00 
       3.659564657905e+00       3.156527854506e+00 
       3.951507022538e+00       2.596614859907e+00 
       4.266739136701e+00       2.133066884556e+00 
       4.607118943941e+00       1.749513662422e+00 
       4.974652605557e+00       1.432265048068e+00 
       5.371506324689e+00       1.169956652663e+00 
       5.800019113685e+00       9.531016043902e-01 
       6.262716579983e+00       7.738422600926e-01 
       6.762325811764e+00       6.256680756359e-01 
       7.301791451110e+00       5.031611346904e-01 
       7.884293049406e+00       4.018724006427e-01 
       8.513263807261e+00       3.181356602947e-01 
       9.192410809424e+00       2.489470061900e-01 
       9.925736873929e+00       1.918608007895e-01 
       1.071756414427e+01       1.449010740584e-01 
       1.157255956364e+01       1.064986058568e-01 
       1.249576238137e+01       7.540429300378e-02 
       1.349261385375e+01       5.065441685104e-02 
       1.456898931416e+01       3.150051176092e-02 
       1.573123280165e+01       1.735417787287e-02 
       1.698619445202e+01       7.721138403225e-03 
       1.834127087176e+01       2.129665851723e-03 
       1.980444873285e+01       4.986273458076e-05 
       2.138435184532e+01       8.202387049287e-04 
       2.309029198506e+01       3.594265935449e-03 
       2.493232377636e+01       7.335154690182e-03 
       2.692130395282e+01       1.089023124414e-02 
       2.906895534573e+01       1.316375032878e-02 
       3.138793597714e+01       1.338036615029e-02 
       3.389191366484e+01       1.136812966793e-02 
       3.659564657905e+01       7.730272141320e-03 
       3.951507022538e+01       3.740171213878e-03 
       4.266739136701e+01       8.616114650968e-04 
       4.607118943941e+01       9.428579780354e-06 
       4.974652605557e+01       9.478505805437e-04 
       5.371506324689e+01       2.357651696999e-03 
       5.800019113685e+01       2.773894254685e-03 
       6.262716579983e+01       1.808082537272e-03 
       6.762325811764e+01       4.698976200794e-04 
