# Matter power spectrum P(k) at redshift z=0
# for k=1.04775e-05 to 67.6233 h/Mpc,
# number of wavenumbers equal to 246
#    1:k (h/Mpc)              2:P (Mpc/h)^3        
       1.047750691338e-05       5.020964806750e+01 
       1.131335172818e-05       5.407048206553e+01 
       1.221587619877e-05       5.822819064046e+01 
       1.319039970550e-05       6.270562589680e+01 
       1.424266598317e-05       6.752731788102e+01 
       1.537887697396e-05       7.271977200258e+01 
       1.660572938097e-05       7.831147241542e+01 
       1.793045413791e-05       8.433311815128e+01 
       1.936085902737e-05       9.081778242446e+01 
       2.090537469909e-05       9.780108061340e+01 
       2.257310435923e-05       1.053213197032e+02 
       2.437387742372e-05       1.134197377001e+02 
       2.631830745176e-05       1.221408202816e+02 
       2.841785470091e-05       1.315324720916e+02 
       3.068489367268e-05       1.416462093730e+02 
       3.313278604643e-05       1.525374500691e+02 
       3.577595943165e-05       1.642660687078e+02 
       3.862999240274e-05       1.768963504868e+02 
       4.171170631739e-05       1.904975992460e+02 
       4.503926445983e-05       2.051444490305e+02 
       4.863227909323e-05       2.209171463752e+02 
       5.251192705226e-05       2.379022222314e+02 
       5.670107455699e-05       2.561927925936e+02 
       6.122441198393e-05       2.758890441791e+02 
       6.610859938837e-05       2.970989225465e+02 
       7.138242363583e-05       3.199385558200e+02 
       7.707696806873e-05       3.445329780878e+02 
       8.322579570814e-05       3.710167315928e+02 
       8.986514707061e-05       3.995346440953e+02 
       9.703415376577e-05       4.302425403883e+02 
       1.047750691338e-04       4.633080762974e+02 
       1.131335172818e-04       4.989116267507e+02 
       1.221587619877e-04       5.372471946560e+02 
       1.319039970550e-04       5.785234124629e+02 
       1.424266598317e-04       6.229645930979e+02 
       1.537887697396e-04       6.708118484950e+02 
       1.660572938097e-04       7.223242660218e+02 
       1.793045413791e-04       7.777801552972e+02 
       1.936085902737e-04       8.374783607331e+02 
       2.090537469909e-04       9.017396264492e+02 
       2.257310435923e-04       9.709080260148e+02 
       2.437387742372e-04       1.045352448643e+03 
       2.631830745176e-04       1.125468122835e+03 
       2.841785470091e-04       1.211678179510e+03 
       3.068489367268e-04       1.304435249090e+03 
       3.313278604643e-04       1.404223052540e+03 
       3.577595943165e-04       1.511558013388e+03 
       3.862999240274e-04       1.626990836434e+03 
       4.171170631739e-04       1.751108027368e+03 
       4.503926445983e-04       1.884533381342e+03 
       4.863227909323e-04       2.027929376467e+03 
       5.251192705226e-04       2.181998446363e+03 
       5.670107455699e-04       2.347484100851e+03 
       6.122441198393e-04       2.525171869329e+03 
       6.610859938837e-04       2.715889981391e+03 
       7.138242363583e-04       2.920509686065e+03 
       7.707696806873e-04       3.139945097695e+03 
       8.322579570814e-04       3.375152334378e+03 
       8.986514707061e-04       3.627127828208e+03 
       9.703415376577e-04       3.896905449987e+03 
       1.047750691338e-03       4.185552170937e+03 
       1.131335172818e-03       4.494162426746e+03 
       1.221587619877e-03       4.823850702605e+03 
       1.319039970550e-03       5.175742739045e+03 
       1.424266598317e-03       5.551019592432e+03 
       1.537887697396e-03       5.950788335756e+03 
       1.660572938097e-03       6.376123046617e+03 
       1.793045413791e-03       6.828073895923e+03 
       1.936085902737e-03       7.307625375137e+03 
       2.090537469909e-03       7.815671898354e+03 
       2.257310435923e-03       8.352990368980e+03 
       2.437387742372e-03       8.920211057010e+03 
       2.631830745176e-03       9.517783061229e+03 
       2.841785470091e-03       1.014593703587e+04 
       3.068489367268e-03       1.080464505620e+04 
       3.313278604643e-03       1.149357459319e+04 
       3.577595943165e-03       1.221203620657e+04 
       3.862999240274e-03       1.295892538292e+04 
       4.171170631739e-03       1.373266002095e+04 
       4.503926445983e-03       1.453111834258e+04 
       4.863227909323e-03       1.535154972141e+04 
       5.251192705226e-03       1.619063541437e+04 
       5.670107455699e-03       1.704431252155e+04 
       6.122441198393e-03       1.790755979247e+04 
       6.610859938837e-03       1.877460438830e+04 
       7.138242363583e-03       1.963872552054e+04 
       7.707696806873e-03       2.049215697663e+04 
       8.322579570814e-03       2.132611341919e+04 
       8.986514707061e-03       2.213055923702e+04 
       9.703415376577e-03       2.289445718080e+04 
       1.047750691338e-02       2.360548223842e+04 
       1.131335172818e-02       2.425020905930e+04 
       1.221587619877e-02       2.481423409804e+04 
       1.319039970550e-02       2.528219782386e+04 
       1.424266598317e-02       2.563814152341e+04 
       1.537887697392e-02       2.586609240193e+04 
       1.660572938023e-02       2.595033268824e+04 
       1.793045412706e-02       2.587644471644e+04 
       1.936085890181e-02       2.563219272825e+04 
       2.090537352463e-02       2.520924781946e+04 
       2.257309535333e-02       2.460443757916e+04 
       2.437382002918e-02       2.382085014218e+04 
       2.631799944462e-02       2.287037335941e+04 
       2.841644545389e-02       2.177440268462e+04 
       3.067933355377e-02       2.056549721213e+04 
       3.311368470740e-02       1.928726741854e+04 
       3.571840443502e-02       1.799401154016e+04 
       3.847720348444e-02       1.674675853602e+04 
       4.135335538431e-02       1.560464707364e+04 
       4.429361667738e-02       1.461025568889e+04 
       4.724366439141e-02       1.378047798164e+04 
       5.016480835311e-02       1.310497923659e+04 
       5.303989620246e-02       1.255714587695e+04 
       5.586870669566e-02       1.210423395387e+04 
       5.866042680613e-02       1.171466233425e+04 
       6.142798932958e-02       1.136016306016e+04 
       6.418496440164e-02       1.101861006610e+04 
       6.694418833788e-02       1.067068838454e+04 
       6.971731106057e-02       1.030364595513e+04 
       7.251476155766e-02       9.909050223602e+03 
       7.534587671527e-02       9.483619880993e+03 
       7.821907666265e-02       9.029304559960e+03 
       8.114203772912e-02       8.552120533121e+03 
       8.412184535029e-02       8.061946341082e+03 
       8.716512279304e-02       7.570758935671e+03 
       9.027813695930e-02       7.092480961729e+03 
       9.346688431697e-02       6.640513219291e+03 
       9.673716028276e-02       6.226726408517e+03 
       1.000946150830e-01       5.859930774541e+03 
       1.035447986537e-01       5.545257522305e+03 
       1.070931966762e-01       5.283158650422e+03 
       1.107452594425e-01       5.069453430660e+03 
       1.145064249153e-01       4.895271327356e+03 
       1.183821370918e-01       4.747842203062e+03 
       1.223778605862e-01       4.611724848081e+03 
       1.264990921987e-01       4.470610149889e+03 
       1.307513701367e-01       4.310286681570e+03 
       1.351402814784e-01       4.121394011872e+03 
       1.396714684203e-01       3.902050245756e+03 
       1.443506338194e-01       3.658644203600e+03 
       1.491835465229e-01       3.404473471649e+03 
       1.541760469708e-01       3.156639047163e+03 
       1.593340535561e-01       2.931929693476e+03 
       1.646635702297e-01       2.742351781411e+03 
       1.701706958456e-01       2.592235021863e+03 
       1.758616357459e-01       2.477205390587e+03 
       1.817427160982e-01       2.385158565626e+03 
       1.878204015065e-01       2.300344735129e+03 
       1.941013164283e-01       2.205769257683e+03 
       2.005922709503e-01       2.090837644553e+03 
       2.073002914972e-01       1.956457840144e+03 
       2.142326570816e-01       1.814168629981e+03 
       2.213969417533e-01       1.679273879235e+03 
       2.288010639706e-01       1.563845888155e+03 
       2.364533437147e-01       1.472665178704e+03 
       2.443625682930e-01       1.401509303294e+03 
       2.525380679504e-01       1.338419909388e+03 
       2.609898026346e-01       1.270895111013e+03 
       2.697284615565e-01       1.193353484039e+03 
       2.787655775689e-01       1.109327010092e+03 
       2.881136588829e-01       1.028755424078e+03 
       2.977863412677e-01       9.604704779319e+02 
       3.077985646929e-01       9.050123343721e+02 
       3.181667794071e-01       8.561298786410e+02 
       3.289091877812e-01       8.061752670388e+02 
       3.400460299658e-01       7.523773988191e+02 
       3.515999236474e-01       6.989098900803e+02 
       3.635962711085e-01       6.510532842062e+02 
       3.760637506334e-01       6.101140274607e+02 
       3.890349143879e-01       5.721219348811e+02 
       4.025469216825e-01       5.337695226790e+02 
       4.166424456376e-01       4.956171769766e+02 
       4.313708035863e-01       4.604586494774e+02 
       4.467893782977e-01       4.287621233959e+02 
       4.629654199664e-01       3.987611021309e+02 
       4.799783501994e-01       3.692290211081e+02 
       4.979227319373e-01       3.412292230741e+02 
       5.169121270864e-01       3.154715691523e+02 
       5.370841404489e-01       2.908236239626e+02 
       5.586070464571e-01       2.670949472551e+02 
       5.816885094930e-01       2.447977422516e+02 
       6.065870144995e-01       2.235585547337e+02 
       6.336266468475e-01       2.032017156198e+02 
       6.632156059511e-01       1.838698188701e+02 
       6.958678639263e-01       1.653453691049e+02 
       7.322247985589e-01       1.476870980412e+02 
       7.730680195114e-01       1.308253630446e+02 
       8.193049553677e-01       1.148227340906e+02 
       8.718988016039e-01       9.975375018599e+01 
       9.317218031082e-01       8.576880016088e+01 
       9.993660908989e-01       7.304555384289e+01 
       1.075037110174e+00       6.172685515564e+01 
       1.158653485707e+00       5.187017214921e+01 
       1.250099157308e+00       4.343102722911e+01 
       1.349432401273e+00       3.628020339131e+01 
       1.456947457397e+00       3.025870761752e+01 
       1.573135111331e+00       2.520536044474e+01 
       1.698621895592e+00       2.097285510138e+01 
       1.834127512934e+00       1.743314424886e+01 
       1.980444934528e+00       1.447651172130e+01 
       2.138435191726e+00       1.200982101402e+01 
       2.309029199186e+00       9.954176866870e+00 
       2.493232377687e+00       8.242857158401e+00 
       2.692130395285e+00       6.819621775811e+00 
       2.906895534573e+00       5.637369882062e+00 
       3.138793597714e+00       4.656078891122e+00 
       3.389191366484e+00       3.842404727758e+00 
       3.659564657905e+00       3.168335248475e+00 
       3.951507022538e+00       2.610359796395e+00 
       4.266739136701e+00       2.148953863919e+00 
       4.607118943941e+00       1.767632722129e+00 
       4.974652605557e+00       1.452812594559e+00 
       5.371506324689e+00       1.193063777495e+00 
       5.800019113685e+00       9.789337590015e-01 
       6.262716579983e+00       8.025286283461e-01 
       6.762325811764e+00       6.573074588429e-01 
       7.301791451110e+00       5.378515086788e-01 
       7.884293049406e+00       4.396542081700e-01 
       8.513263807261e+00       3.589819327310e-01 
       9.192410809424e+00       2.927581965882e-01 
       9.925736873929e+00       2.384271558882e-01 
       1.071756414427e+01       1.938851299879e-01 
       1.157255956364e+01       1.573897925772e-01 
       1.249576238137e+01       1.275164155453e-01 
       1.349261385375e+01       1.030742068901e-01 
       1.456898931416e+01       8.309216115403e-02 
       1.573123280165e+01       6.677159563044e-02 
       1.698619445202e+01       5.345309968992e-02 
       1.834127087176e+01       4.259562875002e-02 
       1.980444873285e+01       3.375643392026e-02 
       2.138435184532e+01       2.657159202974e-02 
       2.309029198506e+01       2.074418418172e-02 
       2.493232377636e+01       1.603053864142e-02 
       2.692130395282e+01       1.223216088174e-02 
       2.906895534573e+01       9.187670524102e-03 
       3.138793597714e+01       6.765298224948e-03 
       3.389191366484e+01       4.857458355694e-03 
       3.659564657905e+01       3.376689512788e-03 
       3.951507022538e+01       2.250695633737e-03 
       4.266739136701e+01       1.418752649830e-03 
       4.607118943941e+01       8.287677019154e-04 
       4.974652605557e+01       4.343330707415e-04 
       5.371506324689e+01       1.927650773053e-04 
       5.800019113685e+01       6.399546229465e-05 
       6.262716579983e+01       1.075443343825e-05 
       6.762325811764e+01       3.866942066249e-08 
