# Matter power spectrum P(k) at redshift z=0
# for k=1.04775e-05 to 67.6233 h/Mpc,
# number of wavenumbers equal to 246
#    1:k (h/Mpc)              2:P (Mpc/h)^3        
       1.047750691338e-05       5.020964806751e+01 
       1.131335172818e-05       5.407048206554e+01 
       1.221587619877e-05       5.822819063742e+01 
       1.319039970550e-05       6.270562589688e+01 
       1.424266598317e-05       6.752731788102e+01 
       1.537887697396e-05       7.271977200257e+01 
       1.660572938097e-05       7.831147241542e+01 
       1.793045413791e-05       8.433311815128e+01 
       1.936085902737e-05       9.081778242446e+01 
       2.090537469909e-05       9.780108061340e+01 
       2.257310435923e-05       1.053213197032e+02 
       2.437387742372e-05       1.134197377001e+02 
       2.631830745176e-05       1.221408202815e+02 
       2.841785470091e-05       1.315324720916e+02 
       3.068489367268e-05       1.416462093730e+02 
       3.313278604643e-05       1.525374500691e+02 
       3.577595943165e-05       1.642660687078e+02 
       3.862999240274e-05       1.768963504868e+02 
       4.171170631739e-05       1.904975992460e+02 
       4.503926445983e-05       2.051444490305e+02 
       4.863227909323e-05       2.209171463752e+02 
       5.251192705226e-05       2.379022222314e+02 
       5.670107455699e-05       2.561927925743e+02 
       6.122441198393e-05       2.758890441791e+02 
       6.610859938837e-05       2.970989225466e+02 
       7.138242363583e-05       3.199385558200e+02 
       7.707696806873e-05       3.445329780878e+02 
       8.322579570814e-05       3.710167315928e+02 
       8.986514707061e-05       3.995346440954e+02 
       9.703415376577e-05       4.302425403884e+02 
       1.047750691338e-04       4.633080762974e+02 
       1.131335172818e-04       4.989116267507e+02 
       1.221587619877e-04       5.372471946561e+02 
       1.319039970550e-04       5.785234124626e+02 
       1.424266598317e-04       6.229645929806e+02 
       1.537887697396e-04       6.708118484951e+02 
       1.660572938097e-04       7.223242660220e+02 
       1.793045413791e-04       7.777801552839e+02 
       1.936085902737e-04       8.374783607333e+02 
       2.090537469909e-04       9.017396264495e+02 
       2.257310435923e-04       9.709080260152e+02 
       2.437387742372e-04       1.045352448644e+03 
       2.631830745176e-04       1.125468122836e+03 
       2.841785470091e-04       1.211678179511e+03 
       3.068489367268e-04       1.304435249091e+03 
       3.313278604643e-04       1.404223052541e+03 
       3.577595943165e-04       1.511558013390e+03 
       3.862999240274e-04       1.626990836455e+03 
       4.171170631739e-04       1.751108027371e+03 
       4.503926445983e-04       1.884533381345e+03 
       4.863227909323e-04       2.027929376471e+03 
       5.251192705226e-04       2.181998446368e+03 
       5.670107455699e-04       2.347484100857e+03 
       6.122441198393e-04       2.525171869333e+03 
       6.610859938837e-04       2.715889981401e+03 
       7.138242363583e-04       2.920509686090e+03 
       7.707696806873e-04       3.139945097710e+03 
       8.322579570814e-04       3.375152334397e+03 
       8.986514707061e-04       3.627127828231e+03 
       9.703415376577e-04       3.896905450016e+03 
       1.047750691338e-03       4.185552170960e+03 
       1.131335172818e-03       4.494162426791e+03 
       1.221587619877e-03       4.823850702669e+03 
       1.319039970550e-03       5.175742734855e+03 
       1.424266598317e-03       5.551019592520e+03 
       1.537887697396e-03       5.950788335887e+03 
       1.660572938097e-03       6.376123046807e+03 
       1.793045413791e-03       6.828073896118e+03 
       1.936085902737e-03       7.307625375386e+03 
       2.090537469909e-03       7.815671858052e+03 
       2.257310435923e-03       8.352990369397e+03 
       2.437387742372e-03       8.920211057538e+03 
       2.631830745176e-03       9.517783061890e+03 
       2.841785470091e-03       1.014593703671e+04 
       3.068489367268e-03       1.080464505745e+04 
       3.313278604643e-03       1.149357459456e+04 
       3.577595943165e-03       1.221203620826e+04 
       3.862999240274e-03       1.295892538505e+04 
       4.171170631739e-03       1.373266002237e+04 
       4.503926445983e-03       1.453111834595e+04 
       4.863227909323e-03       1.535154984223e+04 
       5.251192705226e-03       1.619063613414e+04 
       5.670107455699e-03       1.704431256550e+04 
       6.122441198393e-03       1.790755938462e+04 
       6.610859938837e-03       1.877460416475e+04 
       7.138242363583e-03       1.963872429137e+04 
       7.707696806873e-03       2.049215713647e+04 
       8.322579570814e-03       2.132606792350e+04 
       8.986514707061e-03       2.213054642013e+04 
       9.703415376577e-03       2.289445470944e+04 
       1.047750691338e-02       2.360548599857e+04 
       1.131335172818e-02       2.425022856336e+04 
       1.221587619877e-02       2.481423920995e+04 
       1.319039970550e-02       2.528218693018e+04 
       1.424266598317e-02       2.563814049297e+04 
       1.537887697392e-02       2.586607436563e+04 
       1.660572938023e-02       2.595025015054e+04 
       1.793045412706e-02       2.587633399222e+04 
       1.936085890181e-02       2.563220494001e+04 
       2.090537352463e-02       2.520933379105e+04 
       2.257309535333e-02       2.460441429681e+04 
       2.437382002918e-02       2.382091997273e+04 
       2.631799944462e-02       2.287042759123e+04 
       2.841644545389e-02       2.177450700005e+04 
       3.067933355377e-02       2.056551851620e+04 
       3.311368470740e-02       1.928728245521e+04 
       3.571840443502e-02       1.799403886934e+04 
       3.847720348444e-02       1.674687491725e+04 
       4.135335538431e-02       1.560460736770e+04 
       4.429361667738e-02       1.461039374458e+04 
       4.724366439141e-02       1.378053753330e+04 
       5.016480835311e-02       1.310505756745e+04 
       5.303989620246e-02       1.255716025662e+04 
       5.586870669566e-02       1.210428215576e+04 
       5.866042680613e-02       1.171466400074e+04 
       6.142798932958e-02       1.136047517164e+04 
       6.418496440164e-02       1.101855595259e+04 
       6.694418833788e-02       1.067068898321e+04 
       6.971731106057e-02       1.030358260353e+04 
       7.251476155766e-02       9.909028848297e+03 
       7.534587671527e-02       9.483763535482e+03 
       7.821907666265e-02       9.029498924928e+03 
       8.114203772912e-02       8.552336274801e+03 
       8.412184535029e-02       8.061905872807e+03 
       8.716512279304e-02       7.570766643097e+03 
       9.027813695930e-02       7.092479516720e+03 
       9.346688431697e-02       6.640514239826e+03 
       9.673716028276e-02       6.226706198705e+03 
       1.000946150830e-01       5.859956637740e+03 
       1.035447986537e-01       5.545236941738e+03 
       1.070931966762e-01       5.283153577577e+03 
       1.107452594425e-01       5.069404109985e+03 
       1.145064249153e-01       4.895260857751e+03 
       1.183821370918e-01       4.747836132209e+03 
       1.223778605862e-01       4.611729272028e+03 
       1.264990921987e-01       4.470629810984e+03 
       1.307513701367e-01       4.310251156256e+03 
       1.351402814784e-01       4.121376910119e+03 
       1.396714684203e-01       3.902062085394e+03 
       1.443506338194e-01       3.658660019947e+03 
       1.491835465229e-01       3.404482776348e+03 
       1.541760469708e-01       3.156671341941e+03 
       1.593340535561e-01       2.931973345307e+03 
       1.646635702297e-01       2.742377196068e+03 
       1.701706958456e-01       2.592264213626e+03 
       1.758616357459e-01       2.477241697665e+03 
       1.817427160982e-01       2.385186331240e+03 
       1.878204015065e-01       2.300360075184e+03 
       1.941013164283e-01       2.205761995788e+03 
       2.005922709503e-01       2.090821416124e+03 
       2.073002914972e-01       1.956466916703e+03 
       2.142326570816e-01       1.814190358979e+03 
       2.213969417533e-01       1.679298044614e+03 
       2.288010639706e-01       1.563847047486e+03 
       2.364533437147e-01       1.472684001771e+03 
       2.443625682930e-01       1.401514955500e+03 
       2.525380679504e-01       1.338410639999e+03 
       2.609898026346e-01       1.270900802591e+03 
       2.697284615565e-01       1.193381177673e+03 
       2.787655775689e-01       1.109335229818e+03 
       2.881136588829e-01       1.028769843317e+03 
       2.977863412677e-01       9.604803700603e+02 
       3.077985646929e-01       9.050248542906e+02 
       3.181667794071e-01       8.561456604987e+02 
       3.289091877812e-01       8.061894038691e+02 
       3.400460299658e-01       7.523912078912e+02 
       3.515999236474e-01       6.989238997709e+02 
       3.635962711085e-01       6.510609303119e+02 
       3.760637506334e-01       6.101224034694e+02 
       3.890349143879e-01       5.721318241502e+02 
       4.025469216825e-01       5.337821556057e+02 
       4.166424456376e-01       4.956324530999e+02 
       4.313708035863e-01       4.604683259270e+02 
       4.467893782977e-01       4.287768991106e+02 
       4.629654199664e-01       3.987725868603e+02 
       4.799783501994e-01       3.692412410485e+02 
       4.979227319373e-01       3.412397637120e+02 
       5.169121270864e-01       3.154830017407e+02 
       5.370841404489e-01       2.908350511296e+02 
       5.586070464571e-01       2.671061704228e+02 
       5.816885094930e-01       2.448092400806e+02 
       6.065870144995e-01       2.235674210026e+02 
       6.336266468475e-01       2.032093422937e+02 
       6.632156059511e-01       1.838781592930e+02 
       6.958678639263e-01       1.653542853672e+02 
       7.322247985589e-01       1.476952757263e+02 
       7.730680195114e-01       1.308335439371e+02 
       8.193049553677e-01       1.148311475002e+02 
       8.718988016039e-01       9.976215366598e+01 
       9.317218031082e-01       8.577759508177e+01 
       9.993660908989e-01       7.305456042821e+01 
       1.075037110174e+00       6.173578030871e+01 
       1.158653485707e+00       5.187900929050e+01 
       1.250099157308e+00       4.344012258071e+01 
       1.349432401273e+00       3.628936030388e+01 
       1.456947457397e+00       3.026798174816e+01 
       1.573135111331e+00       2.521459982125e+01 
       1.698621895592e+00       2.098195160117e+01 
       1.834127512934e+00       1.744232996408e+01 
       1.980444934528e+00       1.448559306772e+01 
       2.138435191726e+00       1.201885391045e+01 
       2.309029199186e+00       9.963018393591e+00 
       2.493232377687e+00       8.251694341119e+00 
       2.692130395285e+00       6.828498568034e+00 
       2.906895534573e+00       5.646081647306e+00 
       3.138793597714e+00       4.664745894531e+00 
       3.389191366484e+00       3.850924002001e+00 
       3.659564657905e+00       3.176738176704e+00 
       3.951507022538e+00       2.618642310269e+00 
       4.266739136701e+00       2.157091080952e+00 
       4.607118943941e+00       1.775645403807e+00 
       4.974652605557e+00       1.460668813147e+00 
       5.371506324689e+00       1.200780379191e+00 
       5.800019113685e+00       9.864875312213e-01 
       6.262716579983e+00       8.099242810649e-01 
       6.762325811764e+00       6.645474167529e-01 
       7.301791451110e+00       5.449210267178e-01 
       7.884293049406e+00       4.465426553549e-01 
       8.513263807261e+00       3.656936202831e-01 
       9.192410809424e+00       2.992838128428e-01 
       9.925736873929e+00       2.447653554237e-01 
       1.071756414427e+01       2.000338058145e-01 
       1.157255956364e+01       1.633453705337e-01 
       1.249576238137e+01       1.332680008937e-01 
       1.349261385375e+01       1.086212364750e-01 
       1.456898931416e+01       8.842899085447e-02 
       1.573123280165e+01       7.189222533715e-02 
       1.698619445202e+01       5.835193866100e-02 
       1.834127087176e+01       4.726537765965e-02 
       1.980444873285e+01       3.819048053526e-02 
       2.138435184532e+01       3.076096376563e-02 
       2.309029198506e+01       2.467894812895e-02 
       2.493232377636e+01       1.970025391095e-02 
       2.692130395282e+01       1.562508848824e-02 
       2.906895534573e+01       1.229127821293e-02 
       3.138793597714e+01       9.566467616919e-03 
       3.389191366484e+01       7.343705921390e-03 
       3.659564657905e+01       5.536737497399e-03 
       3.951507022538e+01       4.076395356387e-03 
       4.266739136701e+01       2.907330990143e-03 
       4.607118943941e+01       1.985424868349e-03 
       4.974652605557e+01       1.275469541120e-03 
       5.371506324689e+01       7.484269498437e-04 
       5.800019113685e+01       3.798546584174e-04 
       6.262716579983e+01       1.473235500774e-04 
       6.762325811764e+01       2.871987836349e-05 
